11000010000
01111100000
11000010000
10101001010
11001110011
11010010100
11000010000
01111100000
10110101101
11000110001
01111100000
10000100001
10010100101
10000100001
01111100000
11110111101
01111100000
10000000000
11110111101
01111100000
10110101101
11011010110
10110001100
11001010010
11101011010
11110111101
01111100000
10111001110
11010110101
10000000000
01111100000
11111011110
11110011100
10001000010
01111100000
01111100000
01111100000
01111100000
10000000000
01111100000
10101001010
11100111001
01111100000
10101101011
10010100101
11010110101
10010100101
01111100000
10010100101
10100101001
11110111101
10010100101
10101101011
11101111011
01111100000
11101011010
10110001100
01111100000
01111100000
10010000100
01111100000
01111100000
01111100000
10010100101
11110111101
01111100000
11110111101
10100101001
11111111111
01111100000
01111100000
01111100000
10110001100
01111100000
01111100000
10110101101
10111101111
11010010100
11101011010
10110001100
10010100101
01111100000
01111100000
10000000000
01111100000
01111100000
10000100001
10101101011
11010010100
11100111001
10011000110
11011010110
01111100000
10100001000
01111100000
01111100000
01111100000
01111100000
10110001100
01111100000
01111100000
01111100000
10101001010
10110101101
11000110001
10010000100
10111001110
01111100000
11111011110
01111100000
01111100000
10110001100
11001010010
10111101111
11100111001
10101101011
11100111001
10110001100
01111100000
10111101111
10111001110
01111100000
11101111011
11100111001
11100011000
10100101001
11111011110
11100111001
10100101001
10011000110
11000110001
01111100000
10011100111
11100011000
10001000010
01111100000
01111100000
01111100000
11001110011
10010000100
01111100000
11001110011
10101001010
11101011010
11101111011
01111100000
01111100000
01111100000
01111100000
10000000000
11100011000
01111100000
11001010010
11110011100
10101101011
10101101011
10010100101
11110011100
11011110111
10000100001
01111100000
10111001110
01111100000
11010110101
11000110001
11101011010
01111100000
10110001100
11110111101
01111100000
11000010000
10100001000
10001000010
11010110101
01111100000
11100111001
01111100000
01111100000
01111100000
10001100011
10100001000
10111101111
10110101101
11110111101
01111100000
11111111111
01111100000
01111100000
01111100000
11110011100
10110001100
11110111101
10010100101
01111100000
10001000010
10001100011
01111100000
10110001100
10010000100
11111111111
