1100001100001
0111111000000
1100001100001
0111111000000
1000110000110
1001110001110
1010110010110
1001110001110
1000100000100
0111111000000
1010010010010
0111111000000
1001000001000
0111111000000
1010000010000
0111111000000
1000010000010
0111111000000
1100001100001
0111111000000
1011100011100
1010000010000
1101000101000
1101001101001
1111100111100
1101100101100
0111111000000
1100001100001
1000001000001
1111100111100
0111111000000
0111111000000
1110010110010
1100110100110
0111111000000
1000110000110
1000010000010
1100010100010
1111010111010
1111110111110
0111111000000
1010000010000
1010010010010
1110100110100
1001010001010
1111110111110
1010010010010
1011010011010
1110001110001
0111111000000
1110001110001
0111111000000
1010110010110
1011010011010
0111111000000
0111111000000
1000100000100
0111111000000
0111111000000
0111111000000
1010100010100
1000010000010
0111111000000
1100100100100
1110010110010
0111111000000
0111111000000
1001110001110
1100010100010
1101000101000
1011100011100
0111111000000
0111111000000
1110100110100
0111111000000
1010001010001
1010110010110
1010110010110
1011010011010
1110100110100
1111010111010
0111111000000
1110010110010
0111111000000
1000110000110
1110010110010
1001010001010
1011110011110
1011001011001
1011000011000
1011100011100
0111111000000
1010100010100
0111111000000
1100010100010
0111111000000
0111111000000
0111111000000
1011001011001
1101010101010
0111111000000
1110000110000
1001001001001
1000110000110
1011000011000
1001010001010
0111111000000
0111111000000
0111111000000
0111111000000
1111000111000
1101001101001
1111000111000
1111110111110
0111111000000
1111110111110
1011100011100
1011100011100
1100001100001
0111111000000
1110100110100
1111010111010
0111111000000
0111111000000
1100101100101
1101000101000
1011010011010
1110110110110
1000101000101
0111111000000
1101001101001
1010100010100
0111111000000
0111111000000
1101001101001
0111111000000
1101000101000
1001001001001
1011100011100
1101001101001
0111111000000
1010101010101
1000001000001
1011100011100
0111111000000
1110000110000
1101010101010
1101110101110
1011000011000
1100101100101
1011110011110
1001010001010
1000110000110
1100010100010
1000110000110
1011100011100
0111111000000
1100000100000
1010110010110
1000010000010
0111111000000
1101001101001
1110100110100
1101000101000
1010000010000
1110010110010
0111111000000
1001010001010
1111001111001
1000001000001
1001010001010
1110100110100
0111111000000
0111111000000
1111010111010
1100010100010
1000000000000
1010110010110
1001100001100
1001001001001
1110100110100
0111111000000
1100000100000
1011100011100
1010001010001
1000001000001
0111111000000
0111111000000
1111110111110
0111111000000
1011100011100
1100000100000
1001110001110
0111111000000
1111110111110
1001110001110
0111111000000
1111001111001
1010101010101
1010000010000
