000000010000000
100110000011000
100010100001010
100011000001100
110000001000000
100000000000000
111010001101000
101100000110000
111011001101100
100110000011000
011111100000000
101100000110000
100010000001000
100100100010010
000000010000000
101010000101000
100000000000000
100101000010100
000000010000000
101111000111100
100110000011000
000000010000000
100000100000010
101001000100100
110110001011000
101000100100010
101000000100000
110010101001010
100010000001000
000000010000000
011111100000000
000000010000000
111011001101100
100100100010010
100101000010100
111011001101100
101101000110100
011111100000000
100100000010000
110011001001100
111100001110000
110000001000000
100010000001000
101001000100100
100110000011000
000000010000000
110001001000100
110101001010100
110100001010000
011111100000000
101100000110000
111101001110100
011111100000000
011111100000000
100000100000010
101101000110100
101011000101100
110000001000000
100010000001000
101100000110000
000000010000000
000000010000000
110100001010000
111100001110000
000000010000000
101011000101100
000000010000000
100100000010000
011111100000000
011111100000000
000000010000000
000000010000000
000000010000000
110100001010000
011111100000000
011111100000000
100000000000000
110110001011000
100100000010000
000000010000000
011111100000000
101010000101000
100100000010000
011111100000000
111000101100010
100000000000000
011111100000000
110010101001010
100111000011100
110001001000100
111011001101100
110011001001100
101100000110000
000000010000000
000000010000000
011111100000000
011111100000000
011111100000000
110010101001010
000000010000000
101011000101100
011111100000000
100100000010000
110001001000100
111010001101000
011111100000000
111000001100000
000000010000000
110010001001000
110001001000100
000000010000000
110001001000100
011111100000000
110110001011000
011111100000000
101101000110100
100101000010100
011111100000000
111011001101100
011111100000000
101101000110100
110000001000000
100100100010010
100110000011000
100110000011000
011111100000000
111110001111000
110011001001100
110111001011100
011111100000000
000000010000000
101001000100100
110000001000000
101101000110100
011111100000000
000000010000000
111101001110100
000000010000000
110001001000100
110001001000100
101100000110000
011111100000000
011111100000000
100110000011000
000000010000000
110000001000000
111010001101000
110000001000000
110010001001000
101011000101100
111100001110000
100101000010100
101000000100000
011111100000000
101110000111000
100100000010000
100010000001000
011111100000000
110010001001000
111001001100100
111010001101000
000000010000000
011111100000000
000000010000000
110100001010000
011111100000000
101000100100010
110011001001100
110000101000010
100001000000100
111101001110100
100001000000100
100000100000010
100110000011000
101110000111000
110000001000000
110101001010100
011111100000000
111100001110000
011111100000000
100000000000000
100010000001000
100000000000000
100010000001000
110111001011100
011111100000000
111110001111000
000000010000000
100000000000000
011111100000000
101111000111100
000000010000000
111110001111000
110110001011000
100010000001000
100101000010100
110110001011000
100110000011000
000000010000000
110000101000010
