1100000100000
0000001000000
1100000100000
1000000000000
0000001000000
0100110000000
0100110000000
1100100100100
0100110000000
0000001000000
0000001000000
1000000000000
1000000000000
1000000000000
1000000000000
1000100000100
0100110000000
0000001000000
1000010000010
1011100011100
1100000100000
1101000101000
1101000101000
1010000010000
0100110000000
0000001000000
1111100111100
0100110000000
1100000100000
0100110000000
1110000110000
1000000000000
1100000100000
1000000000000
1101100101100
1100000100000
0100110000000
1010000010000
1110000110000
1010000010000
1100000100000
1110000110000
1001000001000
1110000110000
0100110000000
0100110000000
1111000111000
1011000011000
1110000110000
1010000010000
1010100010100
0100110000000
1110000110000
1000000000000
1000100000100
1000010000010
0100110000000
1010100010100
1010000010000
1000010000010
1000100000100
0000001000000
0100110000000
1100100100100
1110000110000
1011100011100
0100110000000
1001100001100
1100000100000
1101000101000
0000001000000
0000001000000
0100110000000
0100110000000
1011000011000
1010000010000
1010100010100
1010000010000
1111000111000
0100110000000
1010000010000
1001000001000
1110000110000
0000001000000
1110000110000
1010000010000
1011000011000
1100000100000
1000100000100
0100110000000
1011000011000
1011000011000
0000001000000
1100000100000
0100110000000
0100110000000
0100110000000
0100110000000
1010000010000
1101000101000
1011000011000
0100110000000
1000000000000
1110000110000
0100110000000
0100110000000
0100110000000
1111000111000
1000000000000
1101000101000
0100110000000
0100110000000
1111000111000
0100110000000
1110000110000
1111000111000
1011100011100
1111000111000
1001100001100
1110000110000
0000001000000
0000001000000
1000000000000
0111010000000
0100110000000
1100000100000
1011000011000
1001000001000
0100110000000
1000000000000
1100000100000
0000001000000
1101000101000
0100110000000
1101000101000
1010100010100
1011000011000
1100000100000
0100110000000
1010000010000
1000000000000
1010100010100
1110000110000
0000001000000
1101000101000
0100110000000
1100000100000
1100000100000
1011100011100
0000001000000
1000100000100
0100110000000
1001000001000
1001000001000
1100000100000
1100000100000
0100110000000
1000000000000
1101000101000
1101000101000
0100110000000
1110100110100
1010100010100
1000000000000
1111000111000
0000001000000
1010000010000
1001000001000
0000001000000
0100110000000
1110000110000
1110000110000
1000000000000
0100110000000
1100000100000
1000000000000
0100110000000
1001000001000
1110000110000
1000000000000
0100110000000
0111010000000
0100110000000
1000000000000
1100000100000
1110000110000
0100110000000
0100110000000
1010000010000
0000001000000
1010000010000
1110000110000
1001100001100
1001000001000
0100110000000
1111000111000
1100000100000
0100110000000
1010000010000
1010000010000
