1110110
1101101
1000000
1100100
1001001
1001001
0111000
1000000
1001001
1001001
0111000
1000000
1100100
1000000
1001001
1010010
0111000
1010010
0111000
0111000
1000000
1111111
0111000
0111000
1011011
1111111
0111000
1011011
1010010
1111111
1001001
0111000
1101101
1011011
0111000
1101101
1010010
1011011
0111000
0111000
1010010
1001001
0111000
0111000
1010010
1000000
1101101
1000000
1010010
1011011
0111000
0111000
0111000
0111000
1001001
1011011
1000000
1001001
1100100
1010010
1110110
1001001
1110110
0111000
1101101
0111000
1011011
1011011
1100100
0111000
1010010
1001001
0111000
1110110
0111000
1010010
1011011
1011011
1110110
1011011
0111000
1110110
1000000
1111111
1011011
1110110
0111000
1101101
1011011
0111000
1001001
0111000
1000000
0111000
0111000
0111000
0111000
1011011
1011011
1111111
0111000
1010010
1001001
0111000
0111000
0111000
1111111
1011011
1111111
1100100
0111000
1100100
1100100
1100100
1010010
1110110
1110110
1011011
1101101
0111000
1001001
0111000
1101101
1100100
0111000
0111000
1111111
1100100
1101101
1011011
1011011
1010010
0111000
0111000
1110110
1011011
1111111
1011011
1001001
0111000
0111000
1101101
1011011
1111111
0111000
1001001
1011011
1110110
1100100
1101101
1010010
0111000
1110110
1100100
0111000
1010010
1111111
1010010
0111000
1100100
0111000
1110110
1111111
1100100
1110110
0111000
1010010
0111000
1010010
1110110
1010010
1010010
0111000
1011011
0111000
1111111
0111000
1001001
1010010
1110110
1100100
0111000
1110110
1000000
1111111
1011011
1010010
1010010
0111000
0111000
1100100
0111000
1101101
1100100
1101101
1111111
1111111
1100100
1000000
1000000
