011110000
100100010
111001100
100010001
110111011
100100010
101100110
011110000
100010001
101000100
101000100
100100010
101000100
101010101
100100010
101110111
101100110
011110000
011110000
100110011
011110000
011110000
011110000
101100110
011110000
011110000
011110000
101100110
111001100
110101010
101010101
100000000
011110000
011110000
111101110
111101110
100000000
111011101
111101110
011110000
100000000
101110111
111001100
100000000
011110000
111011101
011110000
011110000
100000000
111001100
011110000
111001100
111101110
011110000
011110000
011110000
100100010
100010001
011110000
110111011
011110000
110011001
011110000
111111111
011110000
110101010
101110111
101100110
011110000
011110000
110101010
101010101
011110000
100010001
011110000
011110000
101110111
101100110
111101110
101110111
100010001
011110000
111011101
100100010
101010101
100110011
110111011
110001000
110001000
011110000
011110000
011110000
101010101
110101010
100110011
011110000
011110000
100100010
101100110
111011101
110101010
111101110
101110111
011110000
011110000
011110000
110101010
011110000
011110000
011110000
110001000
011110000
011110000
110111011
100100010
110011001
101100110
101110111
110011001
011110000
011110000
111101110
011110000
111101110
111101110
110011001
011110000
011110000
100010001
111101110
011110000
101100110
011110000
100100010
011110000
101010101
111011101
011110000
011110000
101000100
100100010
011110000
011110000
111111111
011110000
101100110
110011001
101000100
110111011
101010101
100010001
011110000
101010101
110011001
100000000
011110000
111001100
111011101
100010001
100110011
011110000
111111111
011110000
110011001
110001000
111111111
101100110
111011101
111001100
111001100
100010001
110101010
111011101
100110011
011110000
110011001
101100110
110101010
111001100
101000100
110011001
011110000
101110111
110011001
011110000
011110000
111111111
101000100
011110000
011110000
100110011
100110011
111111111
011110000
101000100
011110000
111111111
110111011
100000000
100010001
