01111100000
11000010000
11000010000
10101001010
11001110011
10110101101
10010100101
11000010000
11010010100
01111100000
01111100000
10000100001
11000110001
10100101001
10000100001
01111100000
11110111101
11001010010
10110101101
10111001110
01111100000
11110111101
10000000000
10110001100
11001010010
10000000000
10001000010
11101011010
01111100000
11110011100
11111011110
11110111101
01111100000
10000100001
11010110101
01111100000
10010100101
01111100000
10000000000
11100111001
10101001010
01111100000
10101101011
10010100101
10010100101
01111100000
10010100101
11010110101
01111100000
01111100000
10101101011
10100101001
10010000100
01111100000
01111100000
11101011010
11110111101
11101111011
01111100000
01111100000
10110001100
01111100000
10010100101
01111100000
11110111101
11110111101
01111100000
10100101001
01111100000
01111100000
01111100000
11111111111
10110101101
01111100000
10010000100
10110001100
10110001100
01111100000
10000000000
10010100101
11101011010
01111100000
10111101111
01111100000
11100111001
01111100000
11010010100
01111100000
10000100001
10101101011
10100001000
01111100000
01111100000
11011010110
01111100000
10110001100
01111100000
01111100000
11000110001
10110101101
01111100000
10101001010
10111001110
01111100000
10010000100
01111100000
01111100000
11001010010
01111100000
11111011110
01111100000
11100111001
10101101011
01111100000
10110001100
10111101111
10110001100
01111100000
11100111001
10111101111
01111100000
11100111001
10111001110
01111100000
11100011000
11001110011
11111011110
10011000110
10100101001
01111100000
11001110011
11100111001
01111100000
10011100111
01111100000
10100101001
11000110001
11100011000
10001000010
01111100000
10010000100
10010100101
01111100000
01111100000
11001010010
11101111011
01111100000
11001110011
10101101011
10000000000
01111100000
11101011010
11100011000
10000100001
10010100101
10101101011
01111100000
10111001110
01111100000
11110011100
11110011100
01111100000
01111100000
11011110111
10110001100
10100001000
10001000010
11010110101
11101011010
11000110001
11110111101
11000010000
11010110101
10111101111
01111100000
11100111001
01111100000
01111100000
01111100000
10100001000
10001100011
10110101101
01111100000
01111100000
01111100000
11110111101
11110111101
01111100000
11110011100
01111100000
10110001100
10001100011
11111111111
01111100000
10010100101
01111100000
10001000010
11111111111
10010000100
10110001100
