100100010
111001100
011110000
100010001
110111011
100100010
101100110
011110000
101010101
111111111
100100010
101000100
101000100
101100110
100010001
011110000
011110000
101000100
100100010
011110000
011110000
100110011
011110000
011110000
011110000
111001100
101100110
011110000
110101010
011110000
100000000
111101110
101100110
100000000
101010101
111101110
111011101
011110000
111101110
011110000
011110000
100000000
011110000
011110000
100000000
100000000
101110111
111001100
111101110
011110000
111001100
011110000
100010001
111001100
111011101
011110000
011110000
110111011
100100010
011110000
011110000
011110000
110011001
101110111
101100110
101110111
111111111
011110000
110101010
011110000
011110000
110101010
101010101
101100110
101010101
011110000
011110000
011110000
101110111
100110011
101010101
111101110
101110111
111011101
110001000
100100010
100010001
110111011
011110000
110101010
110001000
101010101
011110000
100100010
011110000
011110000
100110011
011110000
101100110
110101010
111101110
111011101
011110000
101110111
011110000
101110111
011110000
110101010
110001000
011110000
011110000
011110000
011110000
100100010
110011001
110111011
111101110
101110111
101100110
011110000
011110000
110011001
011110000
111101110
111101110
101100110
111101110
011110000
011110000
110011001
100010001
100100010
101010101
011110000
011110000
011110000
011110000
111011101
011110000
011110000
101000100
100100010
011110000
110111011
011110000
101100110
111111111
110011001
101010101
101000100
110011001
011110000
011110000
100000000
011110000
101010101
111001100
100010001
111011101
011110000
110011001
011110000
111111111
101100110
100110011
111011101
111111111
110001000
111001100
111011101
111001100
110101010
100010001
111001100
101100110
100110011
110101010
110011001
011110000
110011001
101000100
011110000
101000100
011110000
011110000
110111011
101110111
011110000
111111111
100110011
111111111
011110000
011110000
101000100
100000000
100110011
100010001
110111011
011110000
111111111
