1100000100000
0000011000000
1100000100000
0000011000000
1000100000100
1001100001100
0000011000000
1010000010000
1000000000000
1001100001100
0000011000000
0000011000000
1100110100110
1000010000010
1001000001000
1000000000000
0011101000000
0011101000000
1000100000100
1101000101000
1101000101000
1011100011100
1010000010000
0000011000000
1100000100000
1111100111100
1100000100000
0000011000000
1000110000110
0011101000000
0000011000000
1000000000000
1101100101100
1110010110010
1111100111100
1100110100110
0000011000000
1110110110110
1010000010000
1010010010010
1100010100010
1110100110100
0011101000000
1001110001110
1111000111000
1001010001010
1010010010010
1110000110000
0111110000000
0111110000000
1011000011000
1111100111100
1000110000110
1110000110000
1010110010110
0011101000000
1000010000010
1000010000010
1010100010100
0111110000000
0011101000000
1110010110010
1011000011000
0000011000000
0011101000000
1100100100100
1001100001100
1011100011100
1010100010100
0011101000000
1101000101000
0000011000000
0011101000000
1010110010110
1100010100010
1010010010010
1010100010100
0011101000000
1011010011010
1110100110100
1111010111010
1110010110010
1011000011000
0011101000000
1001010001010
0111110000000
1011000011000
1110000110000
0000011000000
0011101000000
1011110011110
1000100000100
0011101000000
1010100010100
0111110000000
1100010100010
0011101000000
1011000011000
1011100011100
0011101000000
1001000001000
1011000011000
0000011000000
1110000110000
1101010101010
1001000001000
0000011000000
0000011000000
0000011000000
1111000111000
0011101000000
1011100011100
1101000101000
0011101000000
1011100011100
1111010111010
1111000111000
1111000111000
1111110111110
1110100110100
0000011000000
0011101000000
1100000100000
0000011000000
1011010011010
1100100100100
1001000001000
0111110000000
1110100110100
1000100000100
0111110000000
1101000101000
1001000001000
0011101000000
1101000101000
1101000101000
1011100011100
0000011000000
1101000101000
1010100010100
1011100011100
1010100010100
0011101000000
0011101000000
1110000110000
1100100100100
1101010101010
0011101000000
1101110101110
1011100011100
0000011000000
1000100000100
1100000100000
1011110011110
1001010001010
1100000100000
1000110000110
1101000101000
1010010010010
1010110010110
1110100110100
0011101000000
1101000101000
1010000010000
1001010001010
1000010000010
1111000111000
0000011000000
0011101000000
0011101000000
1110010110010
1111000111000
1000000000000
1001010001010
0000011000000
1100010100010
1000000000000
1010100010100
1110100110100
1000000000000
1001000001000
1011000011000
1011100011100
1001100001100
1010000010000
1100000100000
0011101000000
1011100011100
1111110111110
0011101000000
1100000100000
1001110001110
0011101000000
0011101000000
1111000111000
1111000111000
1001110001110
1010000010000
0011101000000
1010000010000
