11000000
01010001
01010001
11101010
11010101
01110011
10010100
10111100
10101000
01100010
11101010
00110000
11101010
11000000
00110000
10111100
10010100
11000000
00110000
10101000
10010100
11000000
11111111
00110000
10111100
00110000
01110011
01010001
01100010
10111100
11101010
10101000
11000000
10111100
11101010
01110011
11010101
10111100
11000000
01110011
11000000
10111100
01100010
10010100
10010100
11000000
10010100
11000000
10111100
10111100
11010101
00110000
11010101
00110000
00110000
11101010
11000000
10010100
10101000
10111100
11101010
11010101
11111111
01110011
11101010
11010101
01110011
00110000
01110011
10101000
01100010
01100010
00110000
00110000
10111100
00110000
10111100
11111111
11101010
11111111
01010001
11000000
01110011
10111100
10111100
11010101
10101000
11000000
11010101
11000000
01100010
11010101
10010100
00110000
00110000
11000000
11000000
01100010
11111111
10010100
00110000
11111111
01010001
01110011
11000000
10111100
00110000
01110011
01110011
10111100
11000000
10101000
01110011
11010101
01010001
11101010
10111100
10111100
10111100
01110011
10111100
11111111
11010101
11101010
11000000
11111111
01010001
01010001
11010101
10010100
00110000
10111100
01110011
11101010
10010100
10111100
10010100
10111100
10010100
01010001
01110011
00110000
00110000
01110011
10010100
10111100
11010101
10101000
11010101
11101010
00110000
10101000
10101000
01010001
11111111
00110000
11101010
11101010
11010101
11111111
10111100
10101000
11010101
11000000
11010101
10111100
11000000
01110011
11101010
11101010
10111100
11010101
10101000
10010100
11000000
01010001
10111100
11111111
10010100
01010001
00110000
11101010
10111100
11010101
11010101
10111100
10111100
01100010
01010001
11000000
10101000
10010100
11101010
11010101
11101010
10010100
11000000
11000000
11111111
11000000
