111000000000000
110110110110000
000111000000000
101011011000011
100111111000000
111100100100100
111011011011011
100100100000000
001111000000111
100010010000000
000111000000000
000111000000000
100110110000000
111010010010010
101101101000101
110111111111000
101011011000011
010101000101000
011010000010010
101110110000110
001011000000011
010111000111000
011011000011011
001101000000101
101111111000111
110011011011000
000111000000000
100110110000000
111000000000000
111011011011011
111011011011011
110011011011000
111101101101101
111110110110110
011011000011011
001111000000111
100111111000000
101011011000011
100101101000000
100011011000000
101001001000001
101101101000101
111000000000000
001111000000111
111101101101101
111111111111111
111101101101101
101001001000001
101011011000011
101101101000101
010001000001000
001011000000011
111100100100100
011010000010010
001011000000011
111010010010010
100010010000000
001001000000001
111010010010010
101101101000101
101011011000011
011110000110110
001011000000011
101101101000101
001011000000011
100011011000000
111101101101101
100100100000000
111110110110110
111011011011011
001110000000110
010010000010000
011010000010010
000111000000000
110001001001000
101011011000011
101101101000101
101001001000001
101111111000111
111000000000000
111110110110110
011011000011011
011011000011011
110101101101000
111111111111111
110100100100000
111001001001001
100111111000000
100011011000000
111011011011011
001101000000101
111000000000000
100111111000000
000111000000000
000111000000000
010111000111000
010010000010000
101111111000111
101111111000111
011101000101101
110100100100000
001111000000111
101001001000001
111110110110110
001001000000001
011011000011011
000111000000000
011111000111111
111100100100100
110110110110000
011111000111111
110011011011000
110111111111000
011011000011011
110001001001000
010111000111000
111111111111111
101111111000111
111110110110110
011110000110110
000111000000000
011111000111111
110110110110000
101100100000100
111010010010010
111001001001001
010101000101000
010111000111000
001111000000111
001111000000111
111110110110110
111000000000000
011010000010010
011101000101101
111010010010010
101001001000001
110011011011000
111101101101101
101101101000101
101111111000111
101101101000101
011110000110110
111000000000000
111011011011011
010110000110000
100111111000000
110111111111000
111100100100100
110111111111000
111110110110110
101101101000101
011110000110110
101011011000011
111000000000000
001111000000111
001100000000100
111011011011011
111001001001001
111000000000000
101011011000011
101010010000010
111101101101101
010011000011000
101011011000011
000111000000000
111101101101101
101101101000101
011101000101101
110101101101000
010111000111000
101001001000001
111010010010010
111000000000000
100101101000000
111101101101101
101001001000001
101110110000110
111111111111111
101011011000011
111000000000000
011011000011011
111110110110110
010101000101000
000111000000000
101111111000111
110001001001000
111100100100100
100111111000000
010011000011000
111000000000000
111110110110110
110111111111000
110111111111000
101011011000011
100111111000000
011101000101101
111011011011011
011011000011011
000111000000000
101101101000101
