10001111000000100110001000001000000011010010110000011011001010111010110010110100010010000110110101111010001011011100000110111111111001000011111011010111011010011110111110010001100001001001001100000100001001011011110110001101110101001011111110001111110110000001110110110011100111111010111000100000011000000000010000001000000001100000011100101010101100101001110101001110101011101111101011011101110100100110110000000111111001110110100111100100010100011100111010011110001000101100001110001010001110110010101100111110110110111111001111010110110100001100001001110111100010100000111010000010010111101100110000110101010010111011101101101010100010100101001000100011001001111011111010101000000011010010110011101101010000101001100011011000111101010011110010111100011010001101101011011011001011011001110010000010
01001110000101110000011010111011010010010000110000011110000011111010111011100110010001000111110110111001001010011101000110111101011000110010101111010111010000011110111011000001101011101011101100000101001101101010110010111110110101011011100110101111110101100000000110111101100101111010111000000000111000010010100000001100010011010000000110100010100010001001110001101111110001000110101011010101010010110100101010010111111001110111011111100000010111111001110010010100011100000100000010010011011110110011111000110110111010110010111111000110110100011110001101110111100110000110110010000111010110101111000011110100010011110001011101100100100000111011000000100011011101100011011010101000000011000000100111111101010001001001100011011110110001010010100110100100111010000111000011101011011010001001100001000110
01110010110010011000110000101011101101110111111100010101010111000000110010111100011011110001011110001011010011011110001100000111111000010111011111011110001011010110010101101110011110001010100010100011100010010110100011000111000101101011100000001111101110110000100100010001110101011111010001100111001001111001111000110011011000010110011110100111011011001001010010101101000000010111110010101101010101011010001000011000101111101001101000101000100110011001110100100011011100010110110011010110101110001001011011111100011011010100100011101010011010111100001100010011000110111010110101111101000100011110001111001101101101110000000110010000100000000111000100110110111001111111000111010110100000000000011100010111010111011111011001001000100010100001111001101000101000010101000001000100010010011101101011010010
10001111100110100111001111010100011011011000000010101010101100111111001101000011100010001110100000100100101100100011110011111000101111101001100000100101010100101001101010010001100011110101111101011100011101101000011111110000100010000111011111110000010000000111001011101111000010100000101110111000111111000110010111001100100011100001100001011001110100110101111101010010110111101000101101010010101001100101110111000111111000010100010111010111010100100110000011011100110011100000011000111001110111110110000100000011100000101011011111010101100101000011111011101100111001000101001010111000111011100001110100110010010010011011111001000101111011011001111100001001000100000000011001111001011111111011100011101000101000100000100110110101011101011110000110011111011000001110111110011011101101100110010000001100
01110000011001011000110000101011100101110111111101010101010011000000110010111100011101110001011111011011010011011100001100000111010000010110011111011010101011010110010101101110011100001010000010100011100010010111100010001111010101111001100000001111101111111000100100000001111101011111010001000101000000111001101000110011011100011110011110100110001011001011010010101101001001010111010010101101010110011010001000111000000111101011101000101001101011011001111100100011001000011111100111000110001100001001111011111100011111010100100000101010011010111100000100010011000010111010110101100111000100011110001011001101101101110000000110111010000100100111000011110110111011111111100110001110100000000000011100010111010111011111011001001000101010100001111001100000100111010001000001100100010010011001101111010011
00010010010001110100010001010010001001111101010100011111000010111011110101110110010011000110110100111010101010010100111110110101011000101110101111011111010011001111100010001000100111101011101100000100101111011000110010010111100101001011010101101101110000010011101111110111000000101010111000100100110000100001100000001101110011000000010110110010101001001011101011000001110001011100111110100101110110110100110110001001110001101111001111101100101111001100100000011110000100011100111010010010111111110010111010100110011010101010010111110111110100010100100101110011101110011001110001100101010010101110111000011101000011000011111001100110100110111011001000100011110100100011011011100001000000010001111010101101110001000011010111011100001001000010100001110100101000101111011001001111001000001100100011000000
10100111001110001011101110111110111100000011101001001010110001101101001000001001101100110010000010010101010100101101100011101110110111100001110000000100110100100001011000010111011000110010110010110011011001100111000101101000110011110111001110110010001111000011010000001001011110010000100000001010001101111111000011011101101001110101111011110001110010110000010100011110101010110001011001000010010010110000101111100111000110000011000101010111011000000111001111000111110011110011001101111101111000001011010011111001101110000001101100000100010111101011100000100100011001000111001110111100111011001000100010101011110001110101100010010001011111001000101101101010000101000001101010101111010111100110011010000011000110101101101101110011100010100111010110001000110111011010100110110000011101110010000101011111
10001101001001100111001111010100010010000000000011101010101000111111001101000011100000001110100001110100101100100001110011111010000101101000100000100001110100101001101010010001100001110101011101011100111101101011011100111000111010010100011111110001010001001111011011111110001010100000101110011000110110000110000011001100100111111001000001011000000100110100101101010010111110101000001101010010101010100101110111100111010000010110010111010110011101100110001011011100100011101001001100101001010001110110100100000011100100101011001100010101100101000011110011101100111101000101001010000010111011100001110000110010011010001111111001101111011111111000111011001001000110000000111000101001011111111111100011101000101000100000100110110111011101011110010110010111010111101010111110111011001101100110010100101101
10001111100110100111001111010100011011001000000010101010101100111111001101000011100010001110100000100100101100100011110011111000101111101001100000100101010100101001101010010001100011110101111101011100011101101000011101110000101010000110011111110000010000000111011011101110000010100000101110111010111111000110010111001100100011100001100001011001110100110100101101010010110110101000101101010010101001100101110111000111111000010100010111010110010100100110000011011100110111100000011000111001110011110110000100000011100000101011011111010101100101000011111011101100111101000101001010011000111011100001110100110010010010001111111001000101111011011001111100001001000100000000011001110001011111111111100011101000101000100000100110110111010101011110000110011111011000101110111110011011101101100110010000101100
10001111100110100111001111010100011011001000000010101010101100111111001101000011100010001110100000100100101100100011110011111000101111101001100000100101010100101001101010010001100011110101111101011100011101101000011101110000101010000110011111110000010000000111011011101110000010100000101110111010111111000110010111001100100011100001100001011001110100110100111101010010110110101000101101010010101001100101110111000111111000010100010111010110010100100110000011011100110111100000011000111001110011110110000100000011100000101011011111010101100101000011111011101100111101000101001010011000111011100001110100110010010010001111111001000101111011011000111100001001000100000000011001110001011111101111100011101000101000100000100110110111010101011110000110011111011000101110111110011011101101100110010000101100
10011111000101100111001111010110011010000000110001101010100000111111001100100011000100000010100000110110101110100011110010111010101110101001101000100101010101111111100000010101110011110101111100010100101101101000011100111000100110010101010111111111010000001001001011110101000000110000111010101101111100100111001011001110100011101001000110011000010110110001001011010010111111101001001001010010101010110101110111100101110000110100010011010110000110100111101011111000100111001111001100111001110010110010100000100011000110101011001100010100100100011101111101101110101101000101011010011010111010100011100100010011010000000011110001010111011111001000101000001001000100000001111010101000000011110011100011101000001000101001110100110011110100011110010010110110110011101111111110111011101100000110000110101101
10001111100110100111001111010100011011001000000010101010101100111111001101000011000010001110100000100100101100100011110011111000101111101001100000100101010100101001101010010001100011110101111101011100011101101000011111110000101010000110011111110000010000000111011011111111000010100000101110111010111111000110010111001100100011100001100001011001110100110101101101010010110110101000101101010010101001100101110111000111111000010100010111010110010100100110000011011100110111100000011000111001110111110110000100000011100000101011011111010101100101000011111011101100111001000101001010011000111011100001110100110010010010011111111001000101111011011001111100001001000100000000011001111001011111111011100011101000101000100000100110110101010101011110000110011111011000001110111110011011101101100110010000101100
01110010110010011000110000101011101101111111111100010101010111000000110010111100011111110001011110001011010011011110001100000101111010010111011111011110001011010110010101101110011110001010100010100011000010010100100011000111000101101011100000001110101110110000100100000001110101011111010001100111001001111001111100110011011000000110111110100111111011001011010010101101000001010111110010101101010101011010001000011000101111101001101000101001100010011001110100100011011100010110110011010110101110001001011011111100011011010100110011101010011010111100001100010011000010111010110101111101000100011110001111001101100101110000000110010000100000000111000100110110111001111111000111010110100000000000011100010111010111011111011001001000100010100001101001101000101000010101000001000100110010011101101011010010
00010010010001110100111001010010001001111001010100011111000000111011110101110110110011000110110100111010101010010100111110110101011000101010101111011111010011001111100010001000100111101011101100000100101111111000110010000111100101001011010101101101110100010011001111110111000000101010111000100100110000100001100000001101110011000000010110110010101001001001101011000000110001101110011110100101110110111101110110001001110001101111001111101100001111001100100100011110000100011100111010010010111111110010111110100110011110101010010011110111110100010100100101110011111110011000110001100101010010101110111000010101000011000011111001100110100010110011001000100011110000110011011011100001000000010001111010101101110001000011110111011100001001000010100001110100101000100111011001000111001000011100100011000000
01110000011001011000110000101011100100110111111101010101010011000000110010111100011101110001011111011011010011011100001100000111010000010110011111011010101011010110010101101110011100001010000010100011100010010111100010001111010101111001100000001111101111111000100100010000111101011111010001000101000000111001101000110011011100011110011110100110001011001011000010101101001001010111010010101101010110011010001000111000000111101011101000101001101011011001111100100011001000011111100111000110001100001001111011111100011111010100100000101010011010111100000100010011000110111010110101100111000110011100001011001101101101110000000110111010000100100110000011110110111011111111100110000110100000010000011100010111010111011111011001001000101010100001111001100000100111010001000001100100010010011001101111010011
10001111100110100111001111010100011010001000000010101010101100111111001101100011100010001110100000100100101100100011110011111000101111101001100000100101010100101001101010010001100011110101111101011100011101101000011111110000100010000111011111110000010000000111011011111111000010100000101110111010111111000110010111001100100011100001100001011001110100110101111101010010110110101000101101010010101001100101110111000111111000010100010111010110010100100110000011011100110111100000011000111001110011110110000100000011100000101011011111010101100101000011011011101100111001000101001010011000111011100001110100110010010010001111111001000101111011011001111100001001000100000000011001111001011111101111100011101000101000100000100110110111010101011110000110011111011000101110111110011011101101000110010000101100
10001111100110100111001111010100011011011000000010101010101100111111001101000011100010001110100000100100101100100011110011111000101111101001100000100101010100101001101010010001100011110101111101011100011101101000011111110000100010000111011111110000010000000111001011101111000010100000101110111000111111000110010111001100100011100001100001011001110100110101111101010010110111101000101101010010101001100101110111000111111000010100010111010110010100100110000011011100110011100000011000111001110111110110000100000011100000101011011111010101100101000011111011101100111001000101001010111000111011100001110100110010010010001011111001000101111011011000111100001001000100000000011001111001011111111011100011101000101000100000100110110101011101011110000110011111011000101110111110011011101101100110010000001100
01110000111111011001110111110111111100101101001111100100110101000101001101001011101101111001001010000101110100100011111001000000000110111100000100101001100101100001000001101110011110110110110011111011110110100100001001110010001010110100000001110000001001111110001001001100011000000101000111011111100111111111101111110111111110010111100011010101010011010110001010110001010100010000010100100010001011011001001111111000000110001001011000011011101011100011000101100001110111010011110001110101110001001101010011000001001001000000110000101001001011110011110110001000011101011111000101111101101000010011001111001010101101000100010010010101011101011010110111011100110110000100000101010111111100101101001100010010101111010110011100100111000010101100001101000011100101110010010100100100110100100110001101111101
01110000011001011000110000101011100100110111111101010101010011000000110010111100011101110001011111011011010011011100001100000111010000010110011111011010101011010110010101101110011100001010000010100011100010010111100010001111010101111001100000001111101111111000100100010001111101011111010001000101000000111001101000110011011100011110011110100110001011001011010010101101001001010111010010101101010110011010001000111000000111101011101000101001101011011001111100100011001000011111100111000110001100001001111011111100011111010100100000101010011010111100000100010011000010111010110101100111000110011110001011001101101101110000000110111010000100100110000011110110111011111111100110001110100000000000011100010111010111011111011001001010101010100001111001100000100111010001000001100100010010011001101111010011
10001111100110100111001111010100011010001000000010101010101100111111001101000011100010001110100000100100101100100011110011111010101111101001100000100101010100101001101010010001100011110101111101011100011101101000011101110000101010000110011111110000010000000111011011111110000010100000101110111000111111000110010111001100100011100001100001011001110100110100101101010010110110101000101101010010101001100101110111000111111000010100010111010110010100100110000011011100110011100000011000111001110001110110000100000011100000101011011111010101100101000011111011101100111101000101001010011000111001100001110100110010010010001111111001000101111011011001111100001001000100000000011001110001011111111111100011101000101000100000100110110111011101011110000110011111011000101110111110011011101101100110010000101100
01110000011001011000110000101011100100100111111101010101010011000000110010111100011101110001011111011011010011011100001100001111010000010110011111011010101011010110010101101110011100001010000010100011100010010111100000001111011101111000100000001111101111111000110100010001111101011111010001000111000000111001101000110011011100011110011110100110001011001010010010101101001001010111010010101101010111011010001000111000000111101011101000101001101011011001111100100011001100010111100011000110001000001001111011111100011111010100100000101010011010111100000100010011000110111010110101000111000110011110001011001101101001110000000110111010000100100110000011110110111011111111100110000110100000000100010100010111010111011111011001001010100010100001111001100000100111010001000001100100010010011001101111110011
01110010110110011000110000101011100101111111111100010101010111000000110010111100011011110001011110001011010011011110001100000101111010010111011111011110001011010110010101101110011110001010100010100011000010010100100011000111000101101011100000001110101110110000100100000001110101011111010001100111001001111001111100110011011000000110111110100111111011001011010010101101000000010110110010101101010101011010001000011000101111101001101000101001100010011001110100100011011100010110110011010110101110001001011011111100011011010100110011101010011010111100001100010011000010111010110101111101000100011110011111001101101101110000000110010000100000000111000100110110111001111111000111010110100000000000011100010111010111011111011001001000100010100001101001101000101000010101000001000100110010011101101011010011
01110000011001011000110000101011100100100111111101010101010011000000110010111100011101110001011111011011010011011100001100000111010000010110010111011010101011010110010101101110011100001010000010100011100010010111100000001111011101111000100000001111101110111000110100010000111101011111010001000111000000111001101000110011011100011110011110100110001011001010000010101101001000010111010010101101010110011010001000111000000111101011101000101001101011011001111100100011001100011111100111000110001000001001111011111100011111010100100000101010011010111100100100010011000110111010110101000111000100011110001011001101101101100100000110111010000100100111000011110110111011111111100110000110100000000100011100010111010111011111011001001010100010100001111001100000100111110001000001100100010010011001101111110011
10001111100110100111001111010100011010001000000010101010101000111111001101100011000010001110100000100100101100100011110011111000101111101001100000100101010100101001101010010001100011110101111101011100011101101000011111110000100010000111011111110000010001000111011011111111000010100000101110111010111111000110010111001100100011100001100001011001110100110101111101010010110110101000101101010010101001100101110111000111111000010100010111010110010100100110000011011100110011100000011000111001110011110110000100000011100000101011011111010101100101000011011011101100111001000101001010011000111011100001110100110010010010011111111001000101111011011000111100001001000100000000011001111001011111101011100011101000101000100000100110110111010101011110000110011111011000001110111110011011101101000110010000101100
10001111100110100111001111010100011011001000000010101010101100111111001101100011100010001110100000100100101100100011110011111000101111101001100000100101010100101001101010010001100011110101111101011100011101101000011101110000100010000111011111110000010001000111011011101111000010100000101110111010111111000110010111001100100011100001100001011001110100110101111101010010110110101000101101010010101001100101110111000111111000010100010111010110010100100110000011011100110011100000011000111001110011110110000100000011100000101011011111010101100101000011011011101100111001000101001010011000111001100001110100110010010010001111111001000101111011011000111100001001000100000000011001111001011111101111100011101000101000100000100110110111010101011110000110011111011000101110111110011011101101000110010000101100
10001111100110100111001111010100011010001000000010101010101100111111001101100011000010001110100000100100101100100011110011111000101111101001100000100101010100101001101010010001100011110101111101011100011101101000011111110000100010000111011111110000010001000111011011111111000010100000101110111010111111000110010111001100100011100001100001011001110100110100111101010010110110101000101101010010101001100101110111000111111000010100010111010110010100100110000011011100110011100000011000111001110011110110000100000011100000101011011111010101100101000011011011101100111001000101001010011000111011100001110100110010010010011111111001000101111011011000111100001001000100000000011001111001011111101011100011101000101000100000100110110111010101011110000110011111011000001110111110011011101101000110010000101100
01110000011001011000110000101011100101110111111101010101010011000000110010011100011101110001011111011011010011011100001100000111010000010110011111011010101011010110010101101110011100001010000010100011100010010111100000001111011101111000100000001111101111111000100100000000111101011111010001000101000000111001101000110011011100011110011110100110001011001010000010101101001001010111010010101101010110011010001000111000000111101011101000101001101011011001111100100011001000011111100111000110001100001001111011111100011111010100100000101010011010111100100100010011000110111010110101100111000110011110001011001101101101110000000110111010000100100111000011110110111011111111100110000110100000010000011100010111010111011111011001001000101010100001111001100000100111010001000001100100010010111001101111010011
01110000011001011000110000101011100101110111111101010101010011000000110010111100011101110001011111011011010011011100001100000111010000010110011111011010101011010110010101101110011100001010000010100011100010010111100010001111010101111001100000001111101111111000100100000001111101011111010001000101000000111001101000110011011100011110011110100110001011001011010010101101001001010111010010101101010110011010001000111000000111101011101000101001101011011001111100100011001000011111100111000110001100001001111011111100011111010100100000101010011010111100000100010011000010111010110101100111000110011110001011001101101101110000000110111010000100100110000011110110111011111111100110001110100000000000011100010111010111011111011001001000101010100001111001100000100111010001000001100100010010011001101111010011
00001111100001110110011100000011000011011000010000011110000000111011110001110000010010000010101111111010001010110101010110111001111110101010101110010111011010111111101010000101101011101001001100000101001001111001111010111101110101001011011110001111110110000000001111110001000001101010111110100100111000010000100010001100100011100000000100100010110100101001110101001000110111100110101111011100110100111100110110001110111001110100110111111100010100111100110010011100001000101100001010010000011111110010101100101010111110101011011111010110110100001100001101001011111110010100011010000010010110101110110000110001010010110000111101100110100011100011001000000011001101100001011010101000010011011010110010001101001001101001100011111000111001010010100010110110011000000111011011111111001111001000100000000100
10001101001101100111001111010100010010000000000011101010101000111111001101000011100100001110100001110100101100100001110011111010001101101000100000100001110100101001101010010001100001110101011101011100111101101011011100111000111010010100011111110001010001001111011011111110001010100000101110011000110110000110000011001100100111111001000001011000000100110100101101010010111111101000001101010010101010100101110111100111010000010110010111010110011101100110001011011100100011101001001100101001010001110110100100000011100100101011001100010101100101000011110011101100111101000101001010000010111011100001110000110010010010001111111001100111011111111000111011001001000110000000111000101001011111111111100011101000100000100000100110110111011101011110010110010111010111101010111110111011001101100110010100101101
01110000011001011000110000101011100100110111111101010101010011000000110010011100011101110001011111011011010011011100001100000111010000010110011111011010101011010110010101101110011100001010000010100011100010010111100000001111011101111000100000001111101111111000100100010000111101011111010001000101000000111001101000110011011100011110011110100110001011001010000010101101001001010111010010101101010110011010001000111000000111101011101000101001101011011001111100100011001100011111100111000110001100001001111011111100011111010100100000101010011010111100100100010011000110111010110101100111000110011110001011001101101101110000000110111010000100100111000011110110111011111111100110000110100000010000011100010111010111011111011001001000101010100001111001100000100111010001000001100100010010111001101111010011
01110000011001011000110000101011100101110111111101010101010011000000110010111100011101110001011111011011010011011100001100000111010000010110011111011010101011010110010101101110011100001010000010100011100010010111100010001111010101111001100000001111101111111000100100000001111101011111010001000101000000111001101000110011011100011110011110100110001011001011000010101101001001010111010010101101010110011010001000111000000111101011101000101001101011011001111100100011001000011111100111000110001100001001111011111100011111010100100000101010011010111100000100010011000010111010110101100111000110011110001011001101101101110000000110111010000100100110000011110110111011111111100110001110100000010000011100010111010111011111011001001000101010100001111001100000100111010001000001100100010010011001101111010011
10001111100110100111001111010100011010001000000010101010101100111111001101000011100010001110100000100100101100100011110011111000101111101001100000100101010100101001101010010001100011110101111101011100011101101000011101110000101010000110011111110000010000000111011011111110000010100000101110111010111111000110010111001100100011100001100001011001110100110100111101010010110110101000101101010010101001100101110111000111111000010100010111010110010100100110000011011100110011100000011000111001110011110110000100000011100000101011011111010101100101000011111011101100111101000101001010011000111011100001110100110010010010001111111001000101111011011001111100001001000100000000011001110001011111101111100011101000101000100000100110110111010101011110000110011111011000101110111110011011101101100110010000101100
01110000011001011000110000101011100100110111111101010101010011000000110010111100011101110001011111011011010011011100001100000111010000010110011111011010101011010110010101101110011100001010000010100011100010010111100000001111011101111000100000001111101111111000110100010000111101011111010001000111000000111001101000110011011100011110011110100110001011001010000010101101001000010111010010101101010110011010001000111000000111101011101000101001101011011001111100100011001100011111100111000110001000001001111011111100011111010100100000101010011010111100000100010011000110111010110101000111000110011110001011001101101101100100000110111010000100100111000011110110111011111111100110000110100000000100011100010111010111011111011001001010100010100001111001100000100111110001000001100100010010011001101111110011
11100101111110101111000101101101111110000111101111100001111101000101000100001001001100111001010101100111010001101000101011000010000011010101010000111000101111110101011101011110011100010100010011111011110010110111001101000000001010110100101001010010001011111110110000001010011110010001001111011111100011111100011111110011001100011111101001011101011011110100001100011111001110110011010001001011001011001010001001101000000110011000100000000111110001100011001101100001100010010011100111100100000000001001000111011001010101010101000000001011001011100011110010000100000001100110001101001000101111010001011111001010111101001101000110011011011100000000111111011100100011111100100101010110101100110111001100010010101100111100001100111011100110101101010110001011000111011001000100110100100111010011011110111011
10001111100110100111001111010100011010001000000010101010101000111111001101100011100010001110100000100100101100100011110011111000101111101001100000100101010100101001101010010001100011110101111101011100011101101000011111110000100010000111011111110000010001000111011011111111000010100000101110111010111111000110010111001100100011100001100001011001110100110100111101010010110110101000101101010010101001100101110111000111111000010100010111010110010100100110000011011100110111100000011000111001110011110110000100000011100000101011011111010101100101000011011011101100111001000101001010011000111011100001110100110010010010001111111001000101111011011000111100001001000100000000011001111001011111101111100011101000101000100000100110110111010101011110000110011111011000101110111110011011101101000110010000101100
01110000011001011000110000101011100101110111111101010101010011000000110010011100011101110001011111011011010011011100001100000111010000010110011111011010101011010110010101101110011100001010000010100011100010010111100010001111011101111000100000001111101111111000100100000000111101011111010001000101000000111001101000110011011100011110011110100110001011001010000010101101001001010111010010101101010110011010001000111000000111101011101000101001101011011001111100100011001100011111100111000110001100001001111011111100011111010100100000101010011010111100100100010011000110111010110101100111000100011110001011001101101101110000000110111010000100100111000011110110111011111111100110000110100000010000011100010111010111011111011001001000101010100001111001100000100111010001000001100100010010111001101111010011
01110010110110011000110000101011101101111111111100010101010111000000110010111100011111110001011110001011010011011110001100000101110010010111011111011110001011010110010101101110011110001010100010100011000010010100100011000111000101101011100000001110101110110000100100000001110101011111010001100111001001111001111100110011011000000110111110100111111011001011010010101101000001010111110010101101010101011010001000011000101111101001101000101001100010011001110100100011011100010110110011010110101110001001011011111100011011010100110011101010011010111100001100010011000010111010110101111101000100011110011111001101100101110000000110010000100000000111000100110110111001111111000111010110100000000000011100010111010111011111011001001000100010100001101001101000101000010101000001000100110010011001101011010010
10100101111110101111101001101111111101000011001011100001011100000101000100011001001010111001011101000101010100100010101011000000100111011101010000111000101111100001011100111110011100110100010001111010111010110101001101100001001010110100011001010000001010011110110001001000011110010011100001010111100111011100001101110001101100101111111001011001111010110100001010111110001010110001010010001010101001001000101101101000001110011000101000011111111000000001001101100001100011111001101101101100000000001111000111001001000101000101010000101001011011100001110010001000011011111010001101111100101001010000111110001001111100011110000010011011011110000100101111011100110010011100100101010111111100110111011000000010101110110110101100100011101111101000011101001011000101011100110100110100100001110011011110111011
10001111100110100111001111010100011010001000000010101010101100111111001101100011000010001110100000100100101100100011110011111000101111101001100000100101010100101001101010010001100011110101111101011100011101101000011111110000100010000111011111110000010000000111011011111111000010100000101110111010111111000110010111001100100011100001100001011001110100110101111101010010110110101000101101010010101001100101110111000111111000010100010111010110010100100110000011011100110011100000011000111001110011110110000100000011100000101011011111010101100101000011011011101100111001000101001010011000111011100001110100110010010010011111111001000101111011011001111100001001000100000000011001111001011111101011100011101000101000100000100110110111010101011110000110011111011000001110111110011011101101000110010000101100
01110000011001011000110000101011100100110111111101010101010011000000110010011100011101110001011111011011010011011100001100000111010000010110011111011010101011010110010101101110011100001010000010100011100010010111100000001111011101111000100000001111101111111000100100010000111101011111010001000101000000111001101000110011011100011110011110100110001011001010000010101101001001010111010010101101010110011010001000111000000111101011101000101001101011011001111100100011001000011111100111000110001100001001111011111100011111010100100000101010011010111100100100010011000110111010110101100111000110011110001011001101101101110000000110111010000100100110000011110110111011111111100110000110100000010000011100010111010111011111011001001000101010100001111001100000100111010001000001100100010010111001101111010011
10001111100110100111001111010100011011001000000010101010101100111111001101000011100010001110100000100100101100100011110011111000101111101001100000100101010100101001101010010001100011110101111101011100011101101000011101110000101010000110011111110000010000000111011011101110000010100000101110111010111111000110010111001100100011100001100001011001110100110100101101010010110110101000101101010010101001100101110111000111111000010100010111010110010100100110000011011100110011100000011000111001110011110110000100000011100000101011011111010101100101000011111011101100111101000101001010011000111011100001110100110010010010001111111001000101111011011000111100001001000100000000011001110001011111111111100011101000101000100000100110110101010101011110000110011111011000101110111110011011101101100110010000101100
10100111000101001111111110110111111000110101111001000010100100111101001101001001001101110010001111010111110100101111011000000101110110100000100110100101100100101001011000010110011011110101110001011001011001100011001101010001000010110111010111110001011000000000000001001100011010110100110000001010101101101111000011101111101001001101111111110001000000110010001000011110000001100001011000010011001010110000110111110001010000100010010001010011001010000111001001101110110011010001010101111100111110111111010000001001101110000011010101001101110101111001110000100110011101000011001110111011111010001111100110101010101001111111101001110001011111001010101100001100100101000001001100110111100011100000010110010010111110001101101100111101110010000100000110000000110011010010100110010100111101110010001101110111
10001111100110100111001111010100011011001000000010101010101100111111001101000011100010001110100000100100101100100011110011111010101111101001100000100101010100101001101010010001100011110101111101011100011101101000011101110000101010000110011111110000010000000111011011101110000010100000101110111010111111000110010111001100100011100001100001011001110100110100101101010010110110101000101101010010101001100101110111000111111000010100010111010110010100100110000011011100110011100000011000111001110001110110000100000011100000101011011111010101100101000011111011101100111101000101001010011000111011100001110100110010010010001111111001000101111011011000111100001001000100000000011001110001011111111111100011101000101000100000100110110111010101011110000110011111011000101110111110011011101101100110010000101100
10001111100110100111001111010100011010001000000010101010101100111111001101100011000010001110100000100100101100100011110011111000101111101001100000100101010100101001101010010001100011110101111101011100011101101000011111110000100010000111011111110000010000000111011011111111000010100000101110111010111111000110010111001100100011100001100001011001110100110100111101010010110110101000101101010010101001100101110111000111111000010100010111010110010100100110000011011100110011100000011000111001110011110110000100000011100000101011011111010101100101000011011011101100111001000101001010011000111011100001110100110010010010011111111001000101111011011000111100001001000100000000011001111001011111101011100011101000101000100000100110110111010101011110000110011111011000001110111110011011101101000110010000101100
10001111100110100111001111010100011011011000000010101010101100111111001101000011100010001110100000100100101100100011110011111000101111101001100000100101010100101001101010010001100011110101111101011100011101101000011111110000100010000111011111110000010000000111001011101110000010100000101110111000111111000110010111001100100011100001100001011001110100110101101101010010110111101000101101010010101000100101110111000111111000010100010111010110010100100110000011011100110011101000011000111001110111110110000100000011100000101011011111010101100101000011111011101100111001000101001010111000111001100001110100110010010010001111111001000101111011011001111100001001000100000000011001111001011111111011100011101000101000100000100110110101011101011110000110011111011000101110111110011011101101100110010000001100
10001111100110100111001111010100011011001000000010101010101100111111001101000011100010001110100000100100101100100011110011111010101111101001100000100101010100101001101010010001100011110101111101011100011101101000011101110000101010000110011111110000010000000111011011101110000010100000101110111000111111000110010111001100100011100001100001011001110100110100101101010010110110101000101101010010101001100101110111000111111000010100010111010110010100100110000011011100110011100000011000111001110001110110000100000011100000101011011111010101100101000011111011101100111101000101001010011000111011100001110100110010010010001111111001000101111011011001111100001001000100000000011001110001011111111111100011101000101000100000100110110101011101011110000110011111011000101110111110011011101101100110010000101100
01110000011001011000110000101011100101110111111101010101010011000000110010111100011101110001011111011011010011011100001100000101010000010110011111011010101011010110010101101110011100001010000010100011100010010111100010001111010101111001100000001111101111111000100100000001111101011111010001000111000000111001101000110011011100011110011110100110001011001011010010101101001001010111010010101101010110011010001000111000000111101011101000101001101011011001111100100011001100011111100111000110001110001001111011111100011111010100100000101010011010111100000100010011000010111010110101100111000100011110001011001101101101110000000110111010000100100110000011110110111011111111100110001110100000000000011100010111010111011111011001001000100010100001111001100000100111010001000001100100010010011001101111010011
01110000011001011000110000101011100101110111111101010101010011000000110010011100011101110001011111011011010011011100001100000111010000010110011111011010101011010110010101101110011100001010000010100011100010010111100000001111011101111000100000001111101111111000100100000000111101011111010001000101000000111001101000110011011100011110011110100110001011001011000010101101001001010111010010101101010110011010001000111000000111101011101000101001101011011001111100100011001100011111100111000110001100001001111011111100011111010100100000101010011010111100100100010011000110111010110101100111000100011110001011001101101101110000000110111010000100100110000011110110111011111111100110000110100000010000011100010111010111011111011001001000101010100001111001100000100111010001000001100100010010111001101111010011
10001111100110100111001111010100011011001000000010101010101100111111001101100011100010001110100000100100101100100011110011111000101111101001100000100101010100101001101010010001100011110101111101011100011101101000011111110000100010000111011111110000010000000111011011101111000010100000101110111010111111000110010111001100100011100001100001011001110100110100111101010010110110101000101101010010101001100101110111000111111000010100010111010110010100100110000011011100110111100000011000111001110011110110000100000011100000101011011111010101100101000011011011101100111001000101001010011000111001100001110100110010010010001111111001000101111011011001111100001001000100000000011001111001011111101111100011101000101000100000100110110111010101011110000110011111011000101110111110011011101101000110010000101100
01110000011001011000110000101011100100110111111101010101010011000000110010111100011101110001011111011011010011011100001100000111010000010110011111011010101011010110010101101110011100001010000010100011100010010111100010001111010101111001100000001111101111111000100100010001111101011111010001000111000000111001101000110011011100011110011110100110001011001011010010101101001001010111010010101101010110011010001000111000000111101011101000101001101011011001111100100011001100011111100111000110001100001001111011111100011111010100100000101010011010111100000100010011000010111010110101100111000110011110001011001101101101110000000110111010000100100110000011110110111011111111100110001110100000000000011100010111010111011111011001001000100010100001111001100000100111010001000001100100010010011001101111010011
10001111100110100111001111010100011011001000000010101010101000111111001101100011100010001110100000100100101100100011110011111000101111101001100000100101010100101001101010010001100011110101111101011100011101101000011101110000100010000111011111110000010001000111011011101111000010100000101110111010111111000110010111001100100011100001100001011001110100110100111101010010110110101000101101010010101001100101110111000111111000010100010111010110010100100110000011011100110011100000011000111001110011110110000100000011100000101011011111010101100101000011011011101100111001000101001010011000111011100001110100110010010010001111111001000101111011011000111100001001000100000000011001111001011111101111100011101000101000100000100110110111010101011110000110011111011000101110111110011011101101000110010000101100
10001111100110100111001111010100011011001000000010101010101100111111001101000011100010001110100000100100101100100011110011111010101111101001100000100101010100101001101010010001100011110101111101011100011101101000011101110000101010000110011111110000010000000111011011101110000010100000101110111010111111000110010111001100100011100001100001011001110100110100101101010010110110101000101101010010101001100101110111000111111000010100010111010111010100100110000011011100110111100000011000111001110001110110000100000011100000101011011111010101100101000011111011101100111101000101001010011000111011100001110100110010010010001111111001000101111011011000111100001001000100000000011001110001011111111111100011101000101000100000100110110111010101011110000110011111011000101110111110011011101101100110010000101100
10001111100110100111001111010100011011001000000010101010101000111111001101100011100010001110100000100100101100100011110011111000101111101001100000100101010100101001101010010001100011110101111101011100011101101000011101110000100010000111011111110000010001000111011011101111000010100000101110111010111111000110010111001100100011100001100001011001110100110101111101010010110110101000101101010010101001100101110111000111111000010100010111010110010100100110000011011100110011100000011000111001110011110110000100000011100000101011011111010101100101000011011011101100111001000101001010011000111011100001110100110010010010001111111001000101111011011000111100001001000100000000011001111001011111101111100011101000101000100000100110110111010101011110000110011111011000101110111110011011101101000110010000101100
10001111100110100111001111010100011011001000000010101010101000111111001101100011100010001110100000100100101100100011110011111000101111101001100000100101010100101001101010010001100011110101111101011100011101101000011101110000100010000111011111110000010001000111011011101111000010100000101110111010111111000110010111001100100011100001100001011001110100110100111101010010110110101000101101010010101001100101110111000111111000010100010111010110010100100110000011011100110111100000011000111001110011110110000100000011100000101011011111010101100101000011011011101100111001000101001010011000111011100001110100110010010010001111111001000101111011011000111100001001000100000000011001111001010111101111100011101000101000100000100110110111010101011110000110011111011000101110111110011011101101000110010000101100
10001111100110100111001111010100011010001000000010101010101100111111001101000011100010001110100000100100101100100011110011111010101111101001100000100101010100101001101010010001100011110101111101011100011101101000011101110000101010000110011111110000010000000111011011111110000010100000101110111010111111000110010111001100100011100001100001011001110100110100101101010010110110101000101101010010101001100101110111000111111000010100010111010110010100100110000011011100110111100000011000111001110001110110000100000011100000101011011111010101100101000011111011101100111101000101001010011000111011100001110100110010010010001111111001000101111011011000111100001001000100000000011001110001011111111111100011101000101000100000100110110111010101011110000110011111011000101110111110011011101101100110010000101100
11101101101110001011000110101101110110000110101011100000111111000100001010001001001100111001001011000101010101101011000001001010100111010101010000100000101100110000011101110111011000010100010011111011010000000111001101111000011010110100101010010010001011101100110000001000111110010101000111011011001111011110011111110010001100111111101001001101010110110110010100111111001110010001100001011010001001000011001001110110001110010000110000010011110000110011011011100001111011100011000101101101000000001101000001011001100001010101101100001000001011101011011010001100000001100111001110011010101101010001000111101010111101111100000110011001011101001100110111011100001111001100100100011110111111101110000101010010001110111100001000110011110110111101011110001010010111011000100110111000110111100011011100111111
01110000011001011000110000101011100100110111111101010101010011000000110010111100011101110001011111011011010011011100001100000111010000010110011111011010101011010110010101101110011100001010000010100011100010010111100000001111011101111000100000001111101111111000110100010000111101011111010001000111000000111001101000110011011100011110011110100110001011001010010010101101001000010111010010101101010110111010001000111000000111101011101000101001101011011001111100100011001100010111100111000110001000001001111011111100011111010100100000101010011010111100000100010011000110111010110101100111000110011110001011001101101101110100000110111010000100100111000011110110111011111111100110000110100000000100011100010111010111011111011001001010100010100001111001100000100111010001000001100100010010011001101111010011
10001111100110100111001111010100011010001000000010101010101000111111001101100011000010001110100000100100101100100011110011111000101111101001100000100101010100101001101010010001100011110101111101011100011101101001011111110000100010000111011111110000010001000111011011111111000010100000101110111010111111000110010111001100100011100001100001011001110100110100111101010010110110101000101101010010101001100101110111000111111000010100010111010110010100100110000011011100110011100000011000111001110111110110000100000011100000101011011111010101100101000011011011101100111001000101001010011000111011100001110100110010010010011111111001000101111011011000111100001001000100000000011001111001011111101011100011101000101000100000100110110111010101011110000110011111011000001110111110011011101101000110010000101100
11101101101110001011101110101101110110000010101011100000111101000100001010001001101100111001001011000101010101101011000001001010100111010001010000100000101100110000011101110111011000010100010011111011010000100111001101101000011010110100101010010010001111101100010000001000111111010101000111011011001111011110011111110010001100111111101001001101010110110100010100111110001110100011000001011010001001001011001001110110001110010000110000010011010000110011011111100001111011100011000101101101000000001101000101011001100101000101101000001000001011101011011010001100010001100110001110011010101101010001000111100010111100111100000110011001011001001100110111011100001011011100100100011110111111101110000101010010001110111100101000100011110110111101011110001011010111010000100110110000110111110011011100111111
10001111100110100111001111010100011011001000000010101010101100111111001101000011100010001110100000100100101100100011110011111010101111101001100000100101010100101001101010010001100011110101111101011100011101101000011101110000101010000110011111110000010000000111011011101110000010100000101110111010111111000110010111001100100011100001100001011001110100110100111101010010110110101000101101010010101001100101110111000111111000010100010111010110010100100110000011011100110111100000011000111001110001110110000100000011100000101011011111010101100101000011111011101100111101000101001010011000111001100001110100110010010010001111111001000101111011011000111100001001000100000000011001110001011111101111100011101000101000100000100110110111010101011110000110011111011000101110111110011011101101100110010000101100
01110000011001011000110000101011100101110111111101010101010011000000110010011100111101110001011111011011010011011100001100000111010000010110011111011010101011010110010101101110011100001010000010100011100010010111100000001111011101111000100000001111101111111000100100000000111101011111010001000101000000111001101000110011011100011110011110100110001011001010000010101101001001010111010010101101010110011010001000111000000111101011101000101001101011011001111100100011001100011111100111000110001100001001111011111100011111010100100000101010011010111100100100010011000110111010110101100111000100011110001011001101101101100000000110111010000100100110000011110110111011111111100110000110100000010100011100010111010111011111011001001000101010100001111001100000100111110001000001100100010010111001101111010011
01011010000001111010011100100010000011110000110100111010001000111010110011110110110000010110111111011000000010010101010110111101111000100010111111010101011010011110011010000001110011101001101100000101001011001110110110101111110101011011110110001101110100100001000111111001100100111010111000100100011000000010110000001101100011100000010100100010001001001011110101000010111001000110100010110101010110110101011000010111111001110111100111101000000011011101110010011110001100101100001010011111011111110111111000101110111110110000110111100110110100000100001001011111110110001101110010110111010100101110100001110100010000110000111101101100110010101011000000110111011100000011010010101100000011010000110111011101000001000001100011010100011001010110111000110100011000000100000011010111010011101100100011000110
10001101001001100111001111010100011010000000000011101010101000111111001101000011100000001110100001110100101100100001110011111010001101101000100000100001110100101001101010010001100001110101011101011100111101101011011100111000111010010100011111110001010001000111011011111110001010100000101110011000110110000110000011001100100111111001000001011000000100110100101101010010111110101001001101010010101010100101110111100111010000010110010111010110011101100110001011011100100011101001001100101001010001110110100100000011100100101011001100010101100101000011110011101100111101000101001010000010111011100001110000110010011010001111111001101111011111111000111011001001000110000000111000101001011111111111100011101000101000100000100110110111011101011110010110010111010111101010111110111011001101100110010100101100
01110000011001011000110000101011100100110111111101010101010011000000110010011100011101110001011111011011010011011100001100000111010000010110011111011010101011010110010101101110011100001010000010100011100010010111100000001111011101111000100000001111101111111000100100010000111101011111010001000101000000111001101000110011011100011110011110100110001011001010000010101101001001010111010010101101010110011010001000111000000111101011101000101001101011011001111100100011001000011111100111000110001100001001111011111100011111010100100000101010011010111100100100010011000110111010110101100111000110011110001011001101101101110000000110111010000100100110000011110110111011111111100110000110100000010000011100010111010111011111011001001000101010100001111001100000100111010001000001100100010010111001101111010011
01110000011001011000110000101011100100110111111101010101010011000000110010111100011101110001011111011011010011011100001100000101010000010110011111011010101011010110010101101110011100001010000010100011100010010111100010001111010101111001100000001111101111111000100100010001111101011111010001000101000000111001101000110011011100011110011110100110001011001011010010101101001001010111010010101101010110011010001000111000000111101011101000101001101011011001111100100011001100011111100111000110001110001001111011111100011111010100100000101010011010111100000100010011000010111010110101100111000110011110001011001101101101110000000110111010000100100111000011110110111011111111100110001110100000000000011100010111010111011111011001001000101010100001111001100000100111010001000001100100010010011001101111010011
01110000011001011000110000101011100101110111111101010101010011000000110010111100011101110001011111011011010011011100001100000101010000010110011111011010101011010110010101101110011100001010000010100011100010010111100010001111010101111001100000001111101111111000100100000001111101011111010001000101000000111001101000110011011100011110011110100110001011001011010010101101001001010111010010101101010110011010001000111000000111101011101000101001101011011001111100100011001100011111100111000110001110001001111011111100011111010100100000101010011010111100000100010011000010111010110101100111000100011110001011001101101101110000000110111010000100100111000011110110111011111111100110001110100000000000011100010111010111011111011001001000101010100001111001100000100111010001000001100100010010011001101111010011
10001111100110100111001111010100011011001000000010101010101100111111001101000011100010001110100000100100101100100011110011111000101111101001100000100101010100101001101010010001100011110101111101011100011101101000011101110000101010000110011111110000010000000111011011101110000010100000101110111010111111000110010111001100100011100001100001011001110100110100111101010010110110101000101101010010101001100101110111000111111000010100010111010110010100100110000011011100110011100000011000111001110011110110000100000011100000101011011111010101100101000011111011101100111101000101001010011000111001100001110100110010010010001111111001000101111011011001111100001001000100000000011001110001011111101111100011101000101000100000100110110111010101011110000110011111011000101110111110011011101101100110010000101100
10001111100110100111001111010100011010001000000010101010101100111111001101000011100010001110100000100100101100100011110011111010101111101001100000100101010100101001101010010001100011110101111101011100011101101000011101110000101010000110011111110000010000000111011011111110000010100000101110111010111111000110010111001100100011100001100001011001110100110100111101010010110110101000101101010010101001100101110111000111111000010100010111010110010100100110000011011100110011100000011000111001110001110110000100000011100000101011011111010101100101000011111011101100111101000101001010011000111011100001110100110010010010001111111001000101111011011001111100001001000100000000011001110001011111101111100011101000101000100000100110110111010101011110000110011111011000101110111110011011101101100110010000101100
01110000011001011000110000101011100101110111111101010101010011000000110010011100011101110001011111011011010011011100001100000111010000010110011111011010101011010110010101101110011100001010000010100011100010010111100000001111011101111000100000001111101111111000100100000000111101011111010001000101000000111001101000110011011100011110011110100110001011001010000010101101001001010111010010101101010110011010001000111000000111101011101000101001101011011001111100100011001000011111100111000110001100001001111011111100011111010100100000101010011010111100100100010011000110111010110101100111000110011110001011001101101101110000000110111010000100100110000011110110111011111111100110000110101000010000011100010111010111011111011001001000101010100001111001100000100111010001000001100100010010111001101111010011
10001111100110100111001111010100011011001000000010101010101100111111001101100011100010001110100000100100101100100011110011111000101111101001100000100101010100101001101010010001100011110101111101011100011101101000011111110000100010000111011111110000010000000111011011101111000010100000101110111010111111000110010111001100100011100001100001011001110100110101111101010010110110101000101101010010101001100101110111000111111000010100010111010110010100100110000011011100110011100000011000111001110011110110000100000011100000101011011111010101100101000011011011101100111001000101001010011000111001100001110100110010010010001111111001000101111011011000111100001001000100000000011001111001011111101111100011101000101000100000100110110111010101011110000110011111011000101110111110011011101101000110010000101100
11100101101110011010100010110111111110100111101111100100110001000111001100001101001101111001000010000100010101100011111001000000000010111100011110101000100101100000010101101110011100110110110011111011010010110111001001000000000010110101000001110010001111101110100000011110011111010101000111011111101111111111001111110011011100011111101001000101100010110100011100111111000110110010011000000010001011011010001011100010000110001011000000010011111000000011001101100001110110010011010111100111100000001001010001001001001101000000111100101011010011110011110010001100011001111111000101101001101011010001001111001010101101111100000110010001001001001110110111011010100010101100101101011111101100100111001100010010001110111100011100100111100010100100000100001001110111110011000110000100111100110010011101111001
01110000011001011000110000101011100100100111111101010101010011000000110010111100011101110001011111011011010011011100001100000111010000010110011111011010101011010110010101101110011100001010000010100011100010010111100000001111011101111000100000001111101111111000110100010001111101011111010001000111000000111001101000110011011100011110011110100110001011001010010010101101001000010111010010101101010111011010001000111000000111101011101000101001101011011001111100100011001100010111100111000110001000001001111011111100011111010100100000101010011010111100000100010011000110111010110101000111000110011110001011001101101101110000000110111010000100100110000011110110111011111111100110000110100000000100011100010111010111011111011001001010100010100001111001100000100111010001000001100100010010011001101111110011
10001111100110100111001111010100011010001000000010101010101100111111001101100011000010001110100000100100101100100011110011111000101111101001100000100101010100101001101010010001100011110101111101011100011101101000011111110000100010000111011111110000010000000111011011111111000010100000101110111010111111000110010111001100100011100001100001011001110100110100111101010010110110101000101101010010101001100101110111000111111000010100010111010110010100100110000011011100110011100000011000111001110011110110000100000011100000101011011111010101100101000011011011101100111001000101001010011000111011100001110100110010010010011111111001000101111011011000111100001001000100000000011001111001011111101011100011101000101000100000100110110111010101011110000110011111011000001110111110011011101101000110010000101100
01110000011001011000110000101011100100110111111101010101010011000000110010111100011101110001011111011011010011011100001100000111010000010110011111011010101011010110010101101110011100001010000010100011100010010111100000001111011101111000100000001111101111111000110100010000111101011111010001000111000000111001101000110011011100011110011110100110001011001010000010101101001000010111010010101101010110011010001000111000000111101011101000101001101011011001111100100011001100011111100111000110001000001001111011111100011111010100100000101010011010111100000100010011000110111010110101000111000110011110001011001101101101100100000110111010000100100110000011110110111011111111100110000110100000000100011100010111010111011111011001001010100010100001111001100000100111110001000001100100010010011001101111110011
10001111100110100111001111010100011011011000000010101010101100111111001101000011100010001110100000100100101100100011110011111000101111101001100000100101010100101001101010010001100011110101111101011100011101101000011111110000100010000111011111110000010000000111001011101111000010100000101110111000111111000110010111001100100011100001100001011001110100110101111101010010110111101000101101010010101000100101110111000111111000010100010111010110010100100110000011011100110011100000011000111001110111110110000100000011100000101011011111010101100101000011111011101100111001000101001010111000111011100001110100110010010010011011111001000101111011011001111100001001000100000000011001111001011111111011100011101000101000100000100110110101011101011110000110011111011000001110111110011011101101100110010000001100
01110000011001011000110000101011100101110111111101010101010011000000110010111100011101110001011111011011010011011100001100000101010000010110011111011010101011010110010101101110011100001010000010100011100010010111100000001111010101111001100000001111101111111000100100000000111101011111010001000101000000111001101000110011011100011110011110100110001011001010000010101101001001010111010010101101010110011010001000111000000111101011101000101001101011011001111100100011001000011111100111000110001110001001111011111100011111010100100000101010011010111100000100010011000110111010110101100111000110011110001011001101101101110000000110111010000100100110000011110110111011111111100110001110100000010000011100010111010111011111011001001000101010100001111001100000100111010001000001100100010010011001101111010011
01100000011010011000110000100001100101101110001110010101011111000000100011011100111011111101011111001001010101011100001101000101010001010111010111011010101011000000011111101010001000001010000011001011010010010110100011001111011101101010101000000000101111111110110100000010110111001111000101010010000011011000110100110011011100010110111001000111101011001010010100101101000001000110110110101101010101001010001000011010100111001011101100101101111011011010010100000011011100110000110011000110001111001101011111011100111001010101110011111011010011100010000110010001010110111010110101100001000101011100011011101100111111011101001110101000100100110111010111110110111011111110000101000111111100001100011100010111110111010110001011001000000011100001101101001001001100010000000001010100010011111101101001010010
10001111100110100111001111010100011011011000000010101010101100111111001101000011100010001110100000100100101100100011110011111000101111101001100000100101010100101001101010010001100011110101111101011100011101101000011111110000100010000111011111110000010000000111001011101110000010100000101110111000111111000110010111001100100011100001100001011001110100110101101101010010110111101000101101010010101000100101110111000111111000010100010111010110010100100110000011011100110011101000011000111001110111110110000100000011100000101011011111010101100101000011111011101100111001000101001010111000111001100001110100110010010010001111111001000101111011011001111100001001000100000000011001111001011111111011100011101000101000100000100110110101011101011110000110011111011000101110111110011011101101100110010000001100
00001111000001110000011010101000000000110000110000011010000000111010100001110110110011000010101101011000100010011101010110111101110001001011111111000111011000011111100010000001101001101011001100000101001001011010110010111111110101101011011110001111110110100001100111110111010010111000111100100000111001000001000000001100000001001000000100100010101100101011110101001101110001101110101011111101110100100110110010011111110001110110100101100100000110011010111010011110011000111100001110101110111110110010111000101110110110101110001111010111110100001110001001110111101000001101111010100001010110101100110000110101000000110011101101101100100010100101001000100011001101110011111010101100000001011001110011001101010001001001110011011000001001010010110000110100011110101110001111001111001001101101100011000110
01110000011001011000110000101011100101110111111101010101010011000000110010011100011101110001011111011011010011011100001100000111010000010110011111011010101011010110010101101110011100001010000010100011100010010111100000001111011101111000100000001111101110111000100100000000111101011111010001000101000000111001101000110011011100011110011110100110001011001010000010101101001001010111010010101101010110011010001000111000000111101011101000101001101011011001111100100011001100011111100111000110001100001001111011111100011111010100100000101010011010111100100100010011000110111010110101100111000110011110001011001101101101110000000110111010000100100111000011110110111011111111100110000110100000010000011100010111010111011111011001001000101010100001111001100000100111010001000001100100010010111001101111010011
10100101111110101111101101101111111101000011101011100001111100000101000100011001001110111001001101000110010100100010101011100000100111011101010000100000101111100001001100110110011101010100010001111010110010110101001101100001001010110100011001010000001110011110110001001000011111000011100011010111100111011100001111110001101100101111111001011001110010110100001010111110001010110001010111011010101001001000101101101100001110011000101000011111110000000001001111110001100011111011101101101100001000001111000111001001000101000111010000001000001011100001110110001100011011101010001101011100101101010000001100001001101100011100100010011011011110000100101111011100100010011100100101010110111100111111011000000010101110110110001100100011101110101101011110001011000101011101100100110100100001110011011110111011
10101101111101101111000101001111111101000011001011000011001100000101001100011001011100111011001011000111011101100100101001001000000111001111010010101100101111100001000000011110011101010101010011111011111110100011000100111000001010010100111001010010000001110110111101001001010111010011101001011011100011011000001111110000101100101111111101110101110100010010001000001100000010110001011011111010101011000001101101101101001100011011101011010111101010001101111011000001110011110001101111100100101000001011000111001101001111110111010000000000010011101000110110001100010001110111001101100100101011010100000111100011110010011110000010011011011001000100111111001100000011011100100100010111111010000110010101000000010111111100101000100011111010001001011110001011100001010000100110110100000001110000011111111011
10001111100110100111001111010100011011001000000010101010101100111111001101000011100010001110100000100100101100100011110011111000101111101001100000100101010100101001101010010001100011110101111101011100011101101000011111110000100010000111011111110000010000000111001011101110000010100000101110111000111111000110010111001100100011100001100001011001110100110100101101010010110111101000101101010010101001100101110111000111111000010100010111010110010100100110000011011100110011101000011000111001110111110110000100000011100000101011011111010101100101000011111011101100111001000101001010011000111001100001110100110010010010011111111001000101111011011000111100001001000100000000011001111001011111111011100011101000101000100000100110110101011101011110000110011111011000001110111110011011101101100110010000101100
01110010110110011000110000101011100101111111111100010101010111000000110010111100011011110001011110001011010011011110001100000101111010010111011111011110001011010110010101101110011110001010100010100011000010010100100011000111000101101011100000001110101110111000100100000001110101011111010001100111001001111001111100110011011000000110111110100111111011001011010010101101000000010110110010101101010101011010001000011000101111101001101000101001100010011001110100100011011100010110110011010110101110001001011011111100011011010100110011101010011010111100001100010011000010111010110101111101000100011110001111001101101101110000000110010000100000000111000100110110111001111111000111010110100000000000011100010111010111011111011001001000100010100001101001101000101000010101000001000100110010011001101011010011
00001101001101111000011110101011011011110000110000111001001001111010111010110110111001000011110111111100000011011100000110101100110001100010101010010001011010011110001010000001101001101011001100100101001001101110100010100110010101001011011110001111110101100000010111111011101111111010111000000000000000010010000000001100110011010000000100101010100101101111110001101101110001000111101001010101010010101100001000010111011000110111011101110100010111110101110011010010011000100100100100001011011110000111111000101110101110100110101111010010101101011100001101110111101110000111101010100111010110101101000010110100010010111000111101100000001000111001100001100011001001011011111010100010000001010000100101011101000101001001101011011010011000010011111110010100010001000001000111101111001011010001100001010110
01110010110110011000110000101011100101111111111100010101010111000000110010111100011011110001011110001011010011011110001100000101111010010111011111011110001011010110010101101110011110001010100010100011000010010100100011000111000101101011100000001110101110111000100100000001110101011111010001100111001001111001111100110011011000000110111110100111111011001011010010101101000000010110110010101101010101011010001000011000101111101001101000101001100010011001110100100011011100010110110011010110101110001001011011111100011011010100110011101010011010111100001100010011000010111010110101111101000100011110001111001101101101110000000110010000100000000111000100110110111001111111000111010110100000000000011100010111010111011111011001001000100010100001101001101000101000010101000001000100110010011101101011010011
10001101001101100111001111010100010010001000000011101010101000111111001101000011100100000110100001110100101100100001110011111010001111101000101000100101110100101001101010010001100001110101011101011100011101101000011100111000111010010100011111110001010001000011011011111110001010100000101110011000111110000110000011001100100111101001000000011000100100110101101101010010111111101000001101010010101010100101110111100111010000010110010111010110011101100110101011011100100011101001001100101001010001110110100000000011100100101011011100010101100101000011110011101100111001000101001010000010111011100001110000110011010010001111111001100111011111111000111011001001000110000001111000101001001111111111100011101010101000100000100110110101011101011110000110011111011111101010111110111011101101000110010000101101
10001111100110100111001111010100011011001000000010101010101100111111001101000011100010001110100000100100101100100011110011111010101111101001100000100101010100101001101010010001100011110101111101011100011101101000011101110000101010000110011111110000010000000111001011101111000010100000101110111010111111000110010111001100100011100001100001011001110100110100111101010010110110101000101101010010101001100101110111000111111000010100010111010110010100100110000011011100110111100000011000111001110001110110000100000011100000101011011111010101100101000011111011101100111001000101001010011000111011100001110100110010010010001111111001000101111011011001111100001001000100000000011001111001011111101111100011101000101000100000100110110111010101011110000110011111011000101110111110011011101101100110010000101100
10100101111110111011001111101101111111000010101011100001111100000100000100011001001110111011001010000100010101100010101001101000000111111001010000100001101110110001011000000110011101010101010011111011111000100001001101111000001010010001101010010010001111001111010011011001010111000001100110011110100111011010011101110000101110110111101001100101110110110100010100001111001010110011110001011010101001000000101001001111001100010001110101010011110000001111011111010001111011110011100101101101101000001111000001001001100101100111011010000000000001100011011110001100011001111110001110101000101101010100000111101010111000111100000110011001011001000100111111001100000011011100100101010011011011001110000100010000001111111000101100100011111010101110011110001111000001010100100110100101101101110010011100011111
01110000011001011000110000101011100101110111111101010101010011000000110010111100011101110001011111011011010011011100001100000111010000010110011111011010101011010110010101101110011100001010000010100011100010010111100010001111010101111001100000001111101111111000100100000001111101011111010001000101000000111001101000110011011100011110011110100110001011001011010010101101001001010111010010101101010110011010001000111000000111101011101000101001101011011001111100100011001000011111100111000110001100001001111011111100011111010100100000101010011010111100000100010011000010111010110101100111000100011110001011001101101101110000000110111010000100100111000011110110111011111111100110001110100000000000011100010111010111011111011001001000101010100001111001100000100111010001000001100100010010011001101111010011
01110000111111011001110111110111111100101101001111100100110101000101001101001011101101111001001010000101110100100011111001000000000110111100000100101000100101100001010001101110011110110110110011111011110110100100001001110010001010110100000001110000001001111110001001001100011000000101000111011111100111111111101111110111111110011111100011010101010011010110001010110001010100010000010100100010001011011001001111111000000110001001011000011011101011100011000101100001110111010011110001110101110001001101010011000001001001000000110100101001001011110011110110001000011101011111000101111101101000010011001111001010101101000100010010010101011101011010110111011100110110000100000101010111101100101101001100010010101111010110011100100111000010101100001101000011100101110010010100100100110100100110001101111101
01011010000001110000010110010010000011111100110100011110100011111010111011100110110101000110100010111010101011011101010100011111011000100010101011010111011000011110100011000001100011101011101100000101001101001010110010011110110101001011100110101101110101100000001110110111100000111110011000101000011000100011100010001110010011010000000110100110000101001011110001000001110101001110101001110101010110110101010010010111111001100111011111100000000111111110110010011110011000000100010010011011111111110000111000110110111010111010111111010110100100011110001101110111100110000101110010000011010110101111000001110110000010100001111101100100100001111011010000100011001101000011011010101000000011001000100111111101010001001001010011011100010000010011100010110100111010100011001011001011011110001100100011000000
10001111100110100111001111010100011011001000000010101010101100111111001101000011100010001110100000100100101100100011110011111010101111101001100000100101010100101001101010010001100011110101111101011100011101101000011101110000101010000110011111110000010000000111011011101110000010100000101110111010111111000110010111001100100011100001100001011001110100110100101101010010110110101000101101010010101001100101110111000111111000010100010111010110010100100110000011011100110011100000011000111001110001110110000100000011100000101011011111010101100101000011111011101100111101000101001010011000111001100001110100110010010010001111111001000101111011011000111100001001000100000000011001110001011111111111100011101000101000100000100110110111010101011110000110011111011000101110111110011011101101100110010000101100
10001111100110100111001111010100011011001000000010101010101100111111001101100011100010001110100000100100101100100011110011111000101111101001100000100101010100101001101010010001100011110101111101011100011101101000011101110000100010000111011111110000010001000111011011101111000010100000101110111010111111000110010111001100100011100001100001011001110100110100111101010010110110101000101101010010101001100101110111000111111000010100010111010110010100100110000011011100110111100000011000111001110011110110000100000011100000101011011111010101100101000011011011101100111001000101001010011000111001100001110100110010010010001111111001000101111011011000111100001001000100000000011001111001011111101111100011101000101000100000100110110111010101011110000110011111011000101110111110011011101101000110010000101100
10001111100110100111001111010100011011001000000010101010101100111111001101000011100010001110100000100100101100100011110011111010101111101001100000100101010100101001101010010001100011110101111101011100011101101000011101110000101010000110011111110000010000000111011011101110000010100000101110111010111111000110010111001100100011100001100001011001110100110100101101010010110110101000101101010010101001100101110111000111111000010100010111010110010100100110000011011100110111100000011000111001110001110110000100000011100000101011011111010101100101000011111011101100111101000101001010011000111011100001110100110010010010001111111001000101111011011001111100001001000100000000011001110001011111111111100011101000101000100000100110110111010101011110000110011111011000101110111110011011101101000110010000101100
01110000011001011000110000101011100100110111111101010101010011000000110010111100011101110001011111011011010011011100001100000111010000010110011111011010101011010110010101101110011100001010000010100011100010010111100000001111011101111000100000001111101111111000110100010000111101011111010001000111000000111001101000110011011100011110011110100110001011001010010010101101001000010111010010101101010111111010001000111000000111101011101000101001101011011001111100100011001100010111100111000110001000001001111011111100011111010100100000101010011010111100000100010011000110111010110101100111000110011110001011001101101101100100000110111010000100100110000011110110111011111111100110000110100000000100011100010111010111011111011001001010100010100001111001100000100111110001000001100100010010011001101111010011
01110000011001011000110000101011100100100111111101010101010011000000110010111100011101110001011111011011010011011100001100000111010000010110011111011010101011010110010101101110011100001010000010100011100010010111100000001111011101111000100000001111101111111000110100010001111101011111010001000111000000111001101000110011011100011110011110100110001011001010010010101101001000010111010010101101010111011010001000111000000111101011101000101001101011011001111100100011001100010111100111000110001000001001111011111100011111010100100000101010011010111100000100010011000110111010110101000111000110011110001011001101101101100000000110111010000100100110000011110110111011111111100110000110100000000100011100010111010111011111011001001010100010100001111001100000100111110001000001100100010010011001101111110011
10001111100110100111001111010100011011001000000010101010101100111111001101000011100010001110100000100100101100100011110011111000101111101001100000100101010100101001101010010001100011110101111101011100011101101000011101110000101010000110011111110000010000000111011011101110000010100000101110111010111111000110010111001100100011100001100001011001110100110100101101010010110110101000101101010010101001100101110111000111111000010100010111010110010100100110000011011100110011100000011000111001110011110110000100000011100000101011011111010101100101000011111011101100111101000101001010011000111011100001110100110010010010001111111001000101111011011001111100001001000100000000011001110001011111111111100011101000101000100000100110110111010101011110000110011111011000101110111110011011101101100110010000101100
11110000011110001101100011111100111101100111001111100001111111000100000110001111101111111101001000000111110101001000101001000111000001010101010001101000110101000000010101111010010100010110110011111010110110000111000101000010001010110100110001110000001001011111111000001110111110010101000011010011000111101111011001110011011100011111111011011101001011010110001010110111001000011001010100100011001001000010101001110001000110001011111000000011101001000010001101100011110001010011110101101111100000001100010011011001000001010100100000111001001011110001110010110100000001101011100101111101101001011000011111011110101101011111000010011011011110011100110111111100110010011110100101010111111100110001001101010010110110010110011100000111000110101101011101001001100111011000100100000000000000110111011011111011
