10001111000101110010011110000110010111110000110100001010100000111111111000000101000101000000100001110000100001111111110011111000001100101010101100100110010100001101110010010101111001100011111100110100001101101011011000111000111010011011011110101110110101100101011011111101111101111100100000001100111111010101001010001100100011000000001000100000010100110011111111111010111110111010101011110110100010100101010111100111011001010110000101000000001000101110111011011100110111100100001100110011010001100010100000001011100110101010111110000101011100001000111001101100111001000100001010101100011111100011100100110011000100101011101001000110001001110001110000101011001100100001111010100110000001101111111111101100001001101001100111100111100000011100000110110110110101101010010111101010011101000000010101001100
00001111100001110110011100000011000011011000010000011110000000111011110001110000010010000010101111111010001010110101010110111001111110101010101110010111011010111111101010000101101011101011001100000101001001111001111010111101110101001011011110001111110110000000001111110001000001101010111110100100111000010000100010001100100011100000000100100010110100101001110101001000110111100110101111011100110100111100110110001110111001110100110111111100010100111100110010011100001000101100001010010000011111110010101100101010111110101011011111010110110100001100001101001011111110010100011010000110010110101110110000110001010010110000111101100110100011100001001000000011001101100001011010101000010011011010110010001101001001101001100011111000111001010010100010110110011000000111011011111111001111001000100000000100
00010010010001110100010001010010001001111101010100011111000010111011110101110110010011000110110100111010101010010100111110110101011000101110101111011111010011001111100010001000100111101011101100000100101111011000110010010111100101001011010101101101110000010011101111110111000000101010111000100100110000100001100000001101110011000000010110110010101001001011101011000001110001011100111110100101110110110100110110001001110001101111001111101100001111001100100000011110000100011100111010010010111111110010111010100110011010101010010111110111110100010100100101110011111110011001110001100101010010101110111000011101000011000011111001100110100110111011001000100011110100100011011011100001000000010001111010101101110001000011010111001100001001000010100001110100101000101111011001001111001000001100100011000000
01110000011001011000110000101011100101110111111101010101010011000000110010011100011101110001011111011011010011011100001100000111010000010110011111011010101011010110010101101110011100001010000010100011100010010111100010001111011101111000100000001111101110111000100100000000111101011111010001000101000000111001101000110011011100011110011110100110001011001010000010101101001001010111010010101101010110011010001000111000000111101011101000101001101011011001111100100011001000011111100111000110001100001001111011111100011111010100100000101010011010111100100100010011000110111010110101100111000110011110001011001101101101110000000110111010000100100111000011110110111011111111100110000110100000010000011100010111010111011111011001001000101010100001111001100000100111010001000001100100010010111001101111010011
01011010010001110010010100010001000001111000010100010111000011011011110011100100100011000100110101111010001011011100111110110011011000100110101111010111000010001110101111000000110111101011101100000110000110001000110010000111110101001010110001001101111100000110101110100100100001101111011000100101010100100000110010001101010011100010010110000110001001001111101011100001100111101111100110110101101101101110000110001001111111101110101001101000011101011001100100111110001100001100110000010010010101110100101110100110011010011000100111111111111100010000001101110011111110110000110001100111000010110111011001010101010111100001011001100110100100110011010000110011111101100111011011100001000000001001111010101101110001000011010011001100011001000000100001110110101000101110011001001111001010011100100001000100
01110000011001011000110000101011100101110111111101010101010011000000110010011100011101110001011111011011010011011100001100000111010000010110011111011010101011010110010101101110011100001010000010100011100010010111100000001111011101111000100000001111101111111000100100000000111101011111010001000101000000111001101000110011011100011110011110100110001011001010000010101101001001010111010010101101010110011010001000111000000111101011101000101001101011011001111100100011001100011111100111000110001100001001111011111100011111010100100000101010011010111100100100010011000110111010110101100111000110011110001011001101101101110000000110111010000100100110000011110110111011111111100110000110100000010000011100010111010111011111011001001000101010100001111001100000100111010001000001100100010010111001101111010011
01110000011001011000110000101011100100110111111101010101010011000000110010111100011101110001011111011011010011011100001100000101010000010110011111011010101011010110010101101110011100001010000010100011100010010111100010001111010101111001100000001111101111111000100100010001111101011111010001000111000000111001101000110011011100011110011110100110001011001011010010101101001001010111010010101101010110011010001000111000000111101011101000101001101011011001111100100011001100011111100111000110001110001001111011111100011111010100100000101010011010111100000100010011000010111010110101100111000110011110001011001101101101110000000110111010000100100111000011110110111011111111100110001110100000000000011100010111010111011111011001001000100010100001111001100000100111010001000001100100010010011001101111010011
10001111100110100111001111010100011011011000000010101010101100111111001101000011100010001110100000100100101100100011110011111000101111101001100000100101010100101001101010010001100011110101111101011100011101101000011111110000100010000111011111110000010000000111001011101111000010100000101110111000111111000110010111001100100011100001100001011001110100110101111101010010110111101000101101010010101001100101110111000111111000010100010111010110010100100110000011011100110011100000011000111001110111110110000100000011100000101011011111010101100101000011111011101100111001000101001010111000111011100001110100110010010010011011111001000101111011011000111100001001000100000000011001111001011111111011100011101000101000100000100110110101011101011110000110011111011000001110111110011011101101100110010000001100
01110000011001011000110000101011100101110111111101010101010111000000110010011100011101110001011111011011010011011100001100000111010000010110011111011010101011010110010101101110011100001010000010100011100010010111100000001111011101111000100000001111101110111000100100000000111101011111010001000101000000111001101000110011011100011110011110100110001011001010000010101101001001010111010010101101010110011010001000111000000111101011101000101001101011011001111100100011001100011111100111000110001100001001111011111100011111010100100000101010011010111100100100010011000110111010110101100111000100011110001011001101101101110000000110111010000100100111000011110110111011111111100110000110100000010000011100010111010111011111011001001000101010100001111001100000100111010001000001100100010010111001101111010011
10001111100110100111001111010100011011001000000010101010101100111111001101000011100010001110100000100100101100100011110011111000101111101001100000100101010100101001101010010001100011110101111101011100011101101000011111110000100010000111011111110000010000000111001011101111000010100000101110111000111111000110010111001100100011100001100001011001110100110101101101010010110111101000101101010010101001000101110111000111111000010100010111010110010100100110000011011100110011101000011000111001110111110110000100000011100000101011011111010101100101000011111011101100111001000101001010011000111001100001110100110010010010001011111001000101111011011001111100001001000100000000011001111001011111111011100011101000101000100000100110110101011101011110000110011111011000101110111110011011101101100110010000101100
10111000011000001010010100001001100101110001111100010001001101110000010010110100111011101111111111011011110001011100001100000101111001000110011111111010101010011110010111101010100000001110100001101011110010011110110111000111011101111010100010001100110001101101111110000000100101010111000001000001000101011011110000111001011000010111011101111110101001001010100010100101000000010111110010111101010110101010001000110000101000011101101001101001110011011000010100100010011001110100110111001110001001011111111111001100001101011110110010101000010010101100001110010011010110111000100101000111000100011110001111111100100111111101001110101000100000100111000111110100111011010110100110000110101000010101010100010111010111010100001011001011111000100001101001011101001100000100101001000100000001011101010001110000
10001111100110100111001111010100011011001000000010101010101100111111001101000011100010001110100000100100101100100011110011111000101111101001100000100101010100101001101010010001100011110101111101011100011101101000011101110000101010000110011111110000010000000111011011101110000010100000101110111010111111000110010111001100100011100001100001011001110100110100101101010010110110101000101101010010101001100101110111000111111000010100010111010110010100100110000011011100110111100000011000111001110011110110000100000011100000101011011111010101100101000011111011101100111101000101001010011000111011100001110100110010010010001111111001000101111011011001111100001001000100000000011001110001011111111111100011101000101000100000100110110101010101011110000110011111011000101110111110011011101101100110010000101100
10001111100110100111001111010100011010001000000010101010101100111111001101100011100010001110100000100100101100100011110011111000101111101001100000100101010100101001101010010001100011110101111101011100011101101000011101110001100010000111011111110000010000000111011011111111000010100000101110111010111101000110010111001100100011100001100001011001110100110100111101010010110110101000101101010010101001100101110111000111111000010100010111010110010100100110000011011100110011100000011000111001110011110110000100000011100000101011011111010101100101000011011011101100111001000101001010011000111001100001110100110010010010001111111001000101111011011001111100001001000101000000011001111001011111101111100011101000101000100000100110110111010101011110000110011111011000101110111110011011101101000110010000101100
01110000011001011000110000101011100101110111111101010101010011000000110010111100011101110001011111011011010011011100001100000101010000010110011111011010101011010110010101101110011100001010000010100011100010010111100010001111010101111001100000001111101111111000100100000001111101011111010001000101000000111001101000110011011100011110011110100110001011001011000010101101001001010111010010101101010110011010001000111000000111101011101000101001101011011001111100100011001100011111100111000110001110001001111011111100011111010100100000101010011010111100000100010011000010111010110101100111000110011110001011001101101101110000000110111010000100100110000011110110111011111111100110001110100000010000011100010111010111011111011001001000101010100001111001100000100111010001000001100100010010011001101111010011
10100101111110101111101101101111111101000011101011100001111100000101000100011001001110111001001101000110010100100010101011100000100111011101010000100000101111100001001100110110011101010100010001111010110010110101001101100001001010110100011001010000001110011110110001001000011111000011100011010111100111011100001111110001101100101111111001011001110010110100001010111110001010110001010111011010101001001000101101101100001110011000101000011111110000000001001111110001100011111011101101101100001000001111000111001001000101000111010000001000001011100001110110001100011011101010001101011100101101010000001100001001101100011100100010010011011110000100101111011100100010011100100101010110111100111111011000000010101110110110001100100011101110101100011110001011000101011101100100110100100001110011011110111011
01110000011001011000110000101011100100110111111101010101010011000000110010011100011101110001011111011011010011011100001100000111010000010110011111011010101011010110010101101110011100001010000010100011100010010111100010001111011101111000100000001111101111111000100100010000111101011111010001000101000000111001101000110011011100011110011110100110001011001010000010101101001001010111010010101101010110011010001000111000000111101011101000101001101011011001111100100011001000011111100111000110001100001001111011111100011111010100100000101010011010111100100100010011000110111010110101100111000110011110001011001101101101110000000110111010000100100111000011110110111011111111100110000110100000010000011100010111010111011111011001001000101010100001111001100000100111010001000001100100010010111001101111010011
01110010110110011000110000101011101101111111111100010101010111000000110010111100011011110001011110001011010011011110001100000101110010010111011111011110001011010110010101101110011110001010100010100011000010010100100011000111000101101011100000001110101110110000100100000001110101011111010001100111001001111001111100110011011000000110111110100111111011001011010010101101000000010111110010101101010101011010001000011000101111101001101000101001100010011001110100100011011100010110110011010110101110001001011011111100011011010100110011101010011010111100001100010011000010111010110101111101000100011110001111001101101101110000000110010000100000000111000100110110111001111111000111010110100000000000011100010111010111011111011001001000100010100001101001101000101000010101000001000100110010011001101011010010
01011000110001110100010001000001000011111100010111110101001110010010110111110110010011001101111101101010101011010010011100010001001000011110001111111011001011011110100111101000100111001101001101001100100110011000111010010111001100001000110001001101110000111100101111110110100001101111011111110101110010000000111100100010010110001010000100001110001101001111101011100001010101001110100110111101101101001111010000011000110001111100111010101000100111111000110000111000001100001100110010000010000111110100101100000110010001111110010011111011101000010100011111011011100110111000110001000011000100110111011101000100001110001010011101101110100000110111010010010101111010111110010101010000101000011001100101111100111001010010010010001100011101011001101001110111001000100101011001001111100010001101111010100000
01110000011001011000110000101011100101110111111101010101010011000000110010011100011101110001011111011011010011011100001100000111010000010110011111011010101011010110010101101110011100001010000010100011100010010111100000001111011101111000100000001111101110111000100100000000111101011111010001000101000000111001101000110011011100011110011110100110001011001011000010101101001001010111010010101101010110011010001000111000000111101011101000101001101011011001111100100011001000011111100111000110001100001001111011111100011111010100100000101010011010111100100100010011000110111010110101100111000100011110001011001101101101110000000110111010000100100111000011110110111011111111100110000110100000010000011100010111010111011111011001001000101010100001111001100000100111010001000001100100010010111001101111010011
01110000011001011000110000101011100101110111111101010101010011000000110010111100011101110001011111011011010011011100001100000101010000010110011111011010101011010110010101101110011100001010000010100011100010010111100010001111010101111001100000001111101111111000100100000001111101011111010001000111000000111001101000110011011100011110011110100110001011001011010010101101001001010111010010101101010110011010001000111000000111101011101000101001101011011001111100100011001100011111100111000110001110001001111011111100011111010100100000101010011010111100000100010011000010111010110101100111000110011110001011001101101101110000000110111010000100100111000011110110111011111111100110001110100000000000011100010111010111011111011001001000100010100001111001100000100111010001000001100100010010011001101111010011
01110000011001011000110000101011100101110111111101010101010011000000110010011100111101110001011111011011010011011100001100000111010000010110011111011010101011010110010101101110011100001010000010100011100010010111100000001111011101111000100000001111101111111000100100000000111101011111010001000101000000111001101000110011011100011110011110100110001011001010000010101101001001010111010010101101010110011010001000111000000111101011101000101001101011011001111100100011001000011111100111000110001100001001111011111100011111010100100000101010011010111100100100010011000110111010110101100111000100011110001011001101101101100000000110111010000100100111000011110110111011111111100110000110100000010100011100010111010111011111011001001000101010100001111001100000100111110001000001100100010010111001101111010011
10001111100110100111001111010100011011001000000010101010101100111111001101000011100010001110100000100100101100100011110011111000101111101001100000100101010100101001101010010001100011110101111101011100011101101000011101110000101010000110011111110000010000000111011011101110000010100000101110111010111111000110010111001100100011100001100001011001110100110100101101010010110110101000101101010010101001100101110111000111111000010100010111010110010100100110000011011100110011100000011000111001110011110110000100000011100000101011011111010101100101000011111011101100111101000101001010011000111011100001110100110010010010001111111001000101111011011001111100001001000100000000011001110001011111111111100011101000101000100000100110110111010101011110000110011111011000101110111110011011101101100110010000101100
01110000011001011000110000101011100100110111111101010101010011000000110010111100011101110001011111011011010011011100001100000101010000010110011111011010101011010110010101101110011100001010000010100011100010010111100010001111010101111001100000001111101111111000100100010001111101011111010001000101000000111001101000110011011100011110011110100110001011001011010010101101001001010111010010101101010110011010001000111000000111101011101000101001101011011001111100100011001000011111100111000110001110001001111011111100011111010100100000101010011010111100000100010011000010111010110101100111000100011110001011001101101101110000000110111010000100100111000011110110111011111111100110001110100000000000011100010111010111011111011001001010101010100001111001100000100111010001000001100100010010011001101111010011
01110000011001011000110000101011100101110111111101010101010011000000110010011100011101110001011111011011010011011100001100000111010000010110011111011010101011010110010101101110011100001010000010100011100010010111100010001111011101111000100000001111101110111000100100000000111101011111010001000101000000111001101000110011011100011110011110100110001011001010000010101101001001010111010010101101010110011010001000111000000111101011101000101001101011011001111100100011001000011111100111000110001100001001111011111100011111010100100000101010011010111100100100010011000110111010110101100111000100011110001011001101101101110000000110111010000100100111000011110110111011111111100110000110100000010000011100010111010111011111011001001000101010100001111001100000100111010001000001100100010010111001101111010011
10001101001001100111001111010100010010000000000011101010101000111111001101000011100100001110100001110100101100100001110011111010001101101000100000100001110100101001101010010001100001110101011101011100111101101011011100111000111010010100011111110001010001001111011011111110001010100000101110011000110110000110000011001100100111111001000001011000000100110100101101010010111111101000001101010010101010100101110111100111010000010110010111010110011101100110001011011100100011101001001100101001010001110110100100000011100100101011001100010101100101000011110011101100111101000101001010000010111011100001110000110010010010001111111001101111011111111000111011001001000110000000111000101001011111111111100011101000101000100000100110110111011101011110010110010111010111101010111110111011001101100010010100101101
01110000011001011000110000101011100100110111111101010101010011000000110010111100011101110001011111011011010011011100001100000111010000010110011111011010101011010110010101101110011100001010000010100011100010010111100000001111011101111000100000001111101111111000110100010000111101011111010001000111000000111001101000110011011100011110011110100110001011001010010010101101001000010111010010101101010111111010001000111000000111101011101000101001101011011001111100100011001100010111100111000110001000001001111011111100011111010100100000101010011010111100000100010011000110111010110101100111000110011110001011001101101101100100000110111010000100100110000011110110111011111111100110000110100000000100011100010111010111011111011001001010100010100001111001100000100111110001000001100100010010011001101111010011
01110000011001011000110000101011100101110111111101010101010011000000110010111100011101110001011111011011010011011100001100000111010000010110011111011010101011010110010101101110011100001010000010100011100010010111100010001111010101111001100000001111101111111000100100000001111101011111010001000101000000111001101000110011011100011110011110100110001011001011010010101101001001010111010010101101010110011010001000111000000111101011101000101001101011011001111100100011001100011111100111000110001100001001111011111100011111010100100000101010011010111100000100010011000010111010110101100111000100011110001011001101101101110000000110111010000100100110000011110110111011111111100110001110100000000000011100010111010111011111011001001000101010100001111001100000100111010001000001100100010010011001101111010011
11101101101110001011001110101101110110000011101011100000111101000100000010011001101100111001001011000100010101101011000001001010100111110101010000100000101100010000011101110111011000010100010011111011010000100111001101101000011010110100101010010010001111101101110000001000111111010101000111011110001111011110011111110010001100110111101001001101010110110100010100111110001110100011000001011010001001001011001001110110001110010010110000010011110000110011011011110001111011100011000101101101000000001101000101011001100101000101101100011000001011101011011010001100000001100110001110011010101101010001000111100010111100111100000110011001011001000100110111011100001011001100100100011110111111101110000101010010001110111100101000100011110110111100011110001011010111010000100110111000110111110011011100111111
01110010110110011000110000101011100101111111111100010101010111000000110010111100011101110001011110001011010011011110001100000101111010010111011111011110001011010110010101101110011110001010100010100011000010010100100011000111000101101011100000001110101110111000100100000001110101011111010001100111001001111001111100110011011000000110111110100111111011001011010010101101000001010110110010101101010111011010001000011000101111101001101000101001100010011001110100100011011100010110110011010110101110001001011011111100011011010100110011101010011010111100001100010011000010111010110101111101000100011110001111001101100101110000000110010000100000000111000100110110111001111111000111010110100000000000011100010111010111011111011001001000100010100001101001101000101000010101000001000100110010011101101011010011
10100101110110101101101101101101111100000111101011100001111100000101000100011001001100111001011101000100010000100010101001100000100111011101010000101000101111110001000100110110011100010100010011111010110010110101101101100001001010110100011001010010001010011111110001001000011110000001100111010111100111011110011111110001101100101111111001011001111010110100000000111110001010110001010111001011101010001011101101101000000110011000100000011111110000000011001101100001100011111011101111101100001000001111000111101001000101000111000000001001001011100011110110001100010001101011001101011100101101010000011100001001111100011110100010011011011110000100101111011100100010011100100101010110111101110110011000000010101110110100001100100011101110101101011110001011000101011001100100110100100001110011011110111011
01110000011001011000110000101011100100110111111101010101010011000000110010111100011101110001011111011011010011011100001100000111010000010110011111011010101011010110010101101110011100001010000010100011100010010111100000001111011101111000100000001111101111111000110100010000111101011111010001000111000000111001101000110011011100011110011110100110001011001010010010101101001000010111010010101101010110011010001000111000000111101011101000101001101011011001111100100011001100011111100111000110001000001001111011111100011111010100100000101010011010111100000100010011000110111010110101100111000110011110001011001101101101100100000110111010000100100110000011110110111011111111100110000110100000000100011100010111010111011111011001001010100010100001111001100000100111110001000001100100010010011001101111010011
10001111100110100111001111010100011010001000000010101010101000111111001101100011100010001110100000100100101100100011110011111000101111101001100000100101010100101001101010010001100011110101111101011100011101101000011101110000100010000111011111110000010001000111011011111111000010100000101110111010111111000110010111001100100011100001100001011001110100110100111101010010110110101000101101010010101001100101110111000111111000010100010111010110010100100110000011011100110111100000011000111001110011110110000100000011100000101011011111010101100101000011011011101100111001000101001010011000111011100001110100110010010010001111111001000101111011011000111100001001000100000000011001111001011111101111100011101000101000100000100110110111010101011110000110011111011000101110111110011011101101000110010000101100
01110000011001011000110000101011100100110111111101010101010011000000110010111100011101110001011111011011010011011100001100000101010000010110011111011010101011010110010101101110011100001010000010100011100010010111100010001111010101111001100000001111101111111000100100010001111101011111010001000101000000111001101000110011011100011110011110100110001011001011010010101101001001010111010010101101010110011010001000111000000111101011101000101001101011011001111100100011001000011111100111000110001110001001111011111100011111010100100000101010011010111100000100010011000010111010110101100111000110011110001011001101101101110000000110111010000100100111000011110110111011111111100110001110100000000000011100010111010111011111011001001000101010100001111001100000100111010001000001100100010010011001101111010011
00010010010001110100010001010010001001111001010100011111000010111011110101110110010011000110110100111010101010010100111110110101011000101110101111011111010011001111100010001000100111101011101100000100101111011000110010010111100101001011010101101101110000010011101111110111000000101010111000100100110000100001100000001101110011000000010110110010101001001011101011000001110001011100111110100101110110110100110110001001110001101111001111101100001111001100100100011110000100011100111010010010111111110010111010100110011010111010010111110111110100010100100101110011111110011001110001100101010010101110111000011101000011000011111001100110100110110011001000100011110100100011011011100001000000010001111010101101110001000011010111011100001001000010100001110100101000101111011001001111001000001100100011000000
01110000011001011000110000101011100101110111111101010101010011000000110010011100011101110001011111011011010011011100001100000111010000010110011111011010101011010110010101101110011100001010000010100011100010010111100000001111011101111000100000001111101111111000100100000000111101011111010001000101000000111001101000110011011100011110011110100110001011001010000010101101001001010111010010101101010110011010001000111000000111101011101000101001101011011001111100100011001100011111100111000110001100001001111011111100011111010100100000101010011010111100100100010011000110111010110101100111000110011110001011001101101101110000000110111010000100100110000011110110111011111111100110000110100000010000011100010111010111011111011001001000101010100001111001100000100111010001000001100100010010111001101111010011
01010111100111110101001111110100011010001110000011101110110010001111101101001011000100010000000000100100001110100011110010111011000110111001100000000101010101100001101100110101011111110001011110010100000101100001011001110001100010000101011101110011001110010011000000110111010010101000111110111110111010100100011111000110100011101000100010000001010110110101011101011010011111101000001101000010101001010101110111001111110011100010010110011110001100100111101011011101100110001011001000110001110110100000000000110011110010100001001101010111101101010011110001101000101001000111011010111000111011100001110100010011011000000010110000010111011111011000111000001011000100100000011001111001010111101010101011101000101000101011110100110100000101011110010110100010110010011011011110111011111110100010100110001111
01110010110010011000110000101011101101111111111100010101010111000000110010111100011011110001011110001011010011011110001100000101111010010111011111011110001011010110010101101110011110001010100010100011000010010100100011000111000101101011100000001110101110110000100100000001110101011111010001100111001001111001111100110011011000000110111110100111111011001011010010101101000000010111110010101101010101011010001000011000101111101001101000101001100010011001110100100011011100010110110011010110101110001001011011111100011011010100110011101010011010111100001100010011000010111010110101111101000100011110001111001101101101110000000110010000100000000111000100110110111001111111000111010110100000000000011100010111010111011111011001001000100010100001101001101000101000010101000001000100110010011101101011010010
01101000111000101010010000001011100101110001111100010001111101110000110010011100101011101110111111011111110001011100001100000101010001000110011111011010101000010100010111001110000000001010000011001011010010011111100111000110011101111010101010001000101111101100111110001000111111010111000001000001000101011010110000111001011100010111011001100110101001001010110110101101100001000111110010101101010110101000001000111010101100010011101001100001110001011000010100100110011001110100110111000110001100001111111111001100111001011111110010101011010010101100001010010111010110111010100101100001000100011110001011111100100011111101001110101000101000100111000111110100111011010110100100000110101000011101011100010111010111010100001011011101011011111001101101001101001100010000000001010100010011011001010001010010
10001111100110100111001111010100011010001000000010101010101100111111001101100011100010001110100000100100101100100011110011111000101111101001100000100101010100101001101010010001100011110101111101011100011101101000011111110001100010000111011111110000010000000111011011111111000010100000101110111010111101000110010111001100100011100001100001011001110100110100111101010010110110101000101101010010101001100101110111000111111000010100010111010110010100100110000011011100110011100000011000111001110011110110000100000011100000101011011111010101100101000011011011101100111001000101001010011000111001100001110100110010010010001111111001000101111011011001111100001001000101000000011001111001011111101111100011101000101000100000100110110111010101011110000110011111011000101110111110011011101101000110010000101100
10001111100110100111001111010100011011001000000010101010101100111111001101000011100010001110100000100100101100100011110011111000101111101001100000100101010100101001101010010001100011110101111101011100011101101000011111110000100010000111011111110000010000000111001011101111000010100000101110111000111111000110010111001100100011100001100001011001110100110101101101010010110111101000101101010010101001100101110111000111111000010100010111010110010100100110000011011100110011100000011000111001110111110110000100000011100000101011011111010101100101000011111011101100111001000101001010011000111011100001110100110010010010011011111001000101111011011000111100001001000100000000011001111001011111111011100011101000101000100000100110110101011101011110000110011111011000001110111110011011101101100110010000101100
00001001001001110000011100101011010001110000100000011010001001111010110010010110111011100010100101111100100011011100010110110101000000100001101011010101010000011010101010000001100001001001101100000101001101001010110010001110011101011011011110001101110101100001000110111011100111110010111000000000001100000010010000001100000011010100000100101011101100101011110100001111100001101111101001110101010110100100100001010111011001110111110101110100110100011100110011010110111000110100101100001010111110110101111100101110111110101111001111010110111100001110001101111111101000000110111010100001010111101100100001110100010010110011101101101000000001101101010001100111001011010011111010101000000011010000100011011001100101000001101011010000011001010011111100011100011001000100101111001101001011011101110011000110
01110000011001011000110000101011100101110111111101010101010011000000110010111100011101110001011111011011010011011100001100000101010000010110011111011010101011010110010101101110011100001010000010100011100010010111100010001111010101111001100000001111101111111000100100000001111101011111010001000101000000111001101000110011011100011110011110100110001011001011010010101101001001010111010010101101010110011010001000111000000111101011101000101001101011011001111100100011001100011111100111000110001110001001111011111100011111010100100000101010011010111100000100010011000010111010110101100111000110011110001011001101101101110000000110111010000100100111000011110110111011111111100110001110100000000000011100010111010111011111011001001000101010100001111001100000100111010001000001100100010010011001101111010011
10001111100110100111001111010100011011001000000010101010101100111111001101000011100010001110100000100100101100100011110011111000101111101001100000100101010100101001101010010001100011110101111101011100011101101000011101110000101010000110011111110000010000000111011011101110000010100000101110111000111111000110010111001100100011100001100001011001110100110100101101010010110110101000101101010010101001100101110111000111111000010100010111010110010100100110000011011100110011100000011000111001110011110110000100000011100000101011011111010101100101000011111011101100111101000101001010011000111011100001110100110010010010001111111001000101111011011000111100001001000100000000011001110001011111111111100011101000101000100000100110110111011101011110000110011111011000101110111110011011101101100110010000101100
01110000011001011000110000101011100100110111111101010101010011000000110010011100011101110001011111011011010011011100001100000111010000010110011111011010101011010110010101101110011100001010000010100011100010010111100010001111011101111000100000001111101110111000100100010000111101011111010001000101000000111001101000110011011100011110011110100110001011001010000010101101001001010111010010101101010110011010001000111000000111101011101000101001101011011001111100100011001100011111100111000110001100001001111011111100011111010100100000101010011010111100100100010011000110111010110101100111000100011110001011001101101101110000000110111010000100100111000011110110111011111111100110000110100000010000011100010111010111011111011001001000101010100001111001100000100111010001000001100100010010111001101111010011
10001111100110100111001111010100011010001000000010101010101100111111001101000011100010001110100000100100101100100011110011111000101111101001100000100101010100101001101010010001100011110101111101011100011101101000011101110000101010000110011111110000010000000111011011111110000010100000101110111000111111000110010111001100100011100001100001011001110100110100101101010010110110101000101101010010101001100101110111000111111000010100010111010110010100100110000011011100110011100000011000111001110011110110000100000011100000101011011111010101100101000011111011101100111101000101001010011000111011100001110100110010010010001111111001000101111011011000111100001001000100000000011001110001011111111111100011101000101000100000100110110111011101011110000110011111011000101110111110011011101101100110010000101100
01110000011001011000110000101011100100110111111101010101010011000000110010111100011101110001011111011011010011011100001100000111010000010110011111011010101011010110010101101110011100001010000010100011100010010111100010001111010101111001100000001111101111111000100100010001111101011111010001000101000000111001101000110011011100011110011110100110001011001011010010101101001001010111010010101101010110011010001000111000000111101011101000101001101011011001111100100011001100011111100111000110001100001001111011111100011111010100100000101010011010111100000100010011000010111010110101100111000100011110001011001101101101110000000110111010000100100110000011110110111011111111100110001110100000000000011100010111010111011111011001001000101010100001111001100000100111010001000001100100010010011001101111010011
10001111100110100111001111010100011010001000000010101010101100111111001101000011100010001110100000100100101100100011110011111010101111101001100000100101010100101001101010010001100011110101111101011100011101101000011101110000101010000110011111110000010000000111011011111110000010100000101110111010111111000110010111001100100011100001100001011001110100110100101101010010110110101000101101010010101001100101110111000111111000010100010111010110010100100110000011011100110111100000011000111001110001110110000100000011100000101011011111010101100101000011111011101100111101000101001010011000111011100001110100110010010010001111111001000101111011011001111100001001000100000000011001110001011111111111100011101000101000100000100110110111010101011110000110011111011000101110111110011011101101100110010000101100
10000111000101100101001111110110011010000110000011101110100010011111001101001010000100010010000001110100001100100011110010111010011110101001100000100101010101101101111000010101011111110001111100010100101101101001001000111000100010000101010111110011000001010011010001111101010010100000111110111110111110100101000011000100100011101001100110010001010110110101001001010010111111111001001001010010101001110101110111000101110100100100010011011110011110100111101011011101100011001011001000111001110010110000000000101011000010100000001101000100101101010011111101101100111001000111011010011110111010100001110100110011011000010011110001010111011111011000111000001011000100000001011011111001010111100010100011101000101000101001110100110111100100001110010110110110110011001011110110111011111100100110101110101101
01110000011001011000110000101011100100100111111101010101010011000000110010111100011101110001011111011011010011011100001100000111010000010110011111011010101011010110010101101110011100001010000010100011100010010111100000001111011101111000100000001111101111111000110100010000111101011111010001000111000000111001101000110011011100011110011110100110001011001010010010101101001000010111010010101101010111111010001000111000000111101011101000101001101011011001111100100011001100010111100111000110001000001001111011111100011111010100100000101010011010111100000100010011000110111010110101100111000110011110001011001101101101110100000110111010000100100110000011110110111011111111100110000110100000000100011100010111010111011111011001001010100010100001111001100000100111010001000001100100010010011001101111010011
01110000011001011000110000101011100101110111111101010101010011000000110010111100011101110001011111011011010011011100001100000101010000010110011111011010101011010110010101101110011100001010000010100011100010010111100010001111010101111001100000001111101111111000100100000001111101011111010001000101000000111001101000110011011100011110011110100110001011001011010010101101001001010111010010101101010110011010001000111000000111101011101000101001101011011001111100100011001100011111100111000110001110001001111011111100011111010100100000101010011010111100000100010011000010111010110101100111000110011110001011001101101101110000000110111010000100100110000011110110111011111111100110001110100000000000011100010111010111011111011001001000101010100001111001100000100111010001000001100100010010011001101111010011
01110000011001011000110000101011100101110111111101010101010111000000110010011100011101110001011111011011010011011100001100000111010000010110011111011010101011010110010101101110011100001010000010100011100010010111100010001111011101111000100000001111101110111000100100000000111101011111010001000101000000111001101000110011011100011110011110100110001011001010000010101101001001010111010010101101010110011010001000111000000111101011101000101001101011011001111100100011001100011111100111000110001100001001111011111100011111010100100000101010011010111100100100010011000110111010110101100111000100011110001011001101101101110000000110111010000100100111000011110110111011111111100110000110100000010000011100010111010111011111011001001000101010100001111001100000100111010001000001100100010010111001101111010011
01110000011001011000110000101011100100110111111101010101010011000000110010111100011101110001011111011011010011011100001100000101010000010110011111011010101011010110010101101110011100001010000010100011100010010111100010001111010101111001100000001111101111111000100100010001111101011111010001000101000000111001101000110011011100011110011110100110001011001011000010101101001001010111010010101101010110011010001000111000000111101011101000101001101011011001111100100011001000011111100111000110001110001001111011111100011111010100100000101010011010111100000100010011000010111010110101100111000110011110001011001101101101110000000110111010000100100111000011110110111011111111100110001110100000010000011100010111010111011111011001001000101010100001111001100000100111010001000001100100010010011001101111010011
01110000011001011000110000101011100100110111111101010101010011000000110010011100011101110001011111011011010011011100001100000111010000010110011111011010101011010110010101101110011100001010000010100011100010010111100000001111011101111000100000001111101111111000100100010000111101011111010001000101000000111001101000110011011100011110011110100110001011001011000010101101001001010111010010101101010110011010001000111000000111101011101000101001101011011001111100100011001100011111100111000110001100001001111011111100011111010100100000101010011010111100100100010011000110111010110101100111000110011110001011001101101101110000000110111010000100100111000011110110111011111111100110000110100000010000011100010111010111011111011001001000101010100001111001100000100111010001000001100100010010111001101111010011
01110000011001011000110000101011100100110111111101010101010011000000110010011100011101110001011111011011010011011100001100000111010000010110011111011010101011010110010101101110011100001010000010100011100010010111100000001111011101111000100000001111101111111000100100010000111101011111010001000101000000111001101000110011011100011110011110100110001011001011000010101101001001010111010010101101010110011010001000111000000111101011101000101001101011011001111100100011001000011111100111000110001100001001111011111100011111010100100000101010011010111100100100010011000110111010110101100111000100011110001011001101101101110000000110111010000100100110000011110110111011111111100110000110100000010000011100010111010111011111011001001000101010100001111001100000100111010001000001100100010010111001101111010011
01110000011001011000110000101011100100110111111101010101010011000000110010111100011101110001011111011011010011011100001100000111010000010110011111011010101011010110010101101110011100001010000010100011100010010111100010001111010101111001100000001111101111111000100100010001111101011111010001000101000000111001101000110011011100011110011110100110001011001011010010101101001001010111010010101101010110011010001000111000000111101011101000101001101011011001111100100011001100011111100111000110001100001001111011111100011111010100100000101010011010111100000100010011000010111010110101100111000100011110001011001101101101110000000110111010000100100110000011110110111011111111100110001110100000000000011100010111010111011111011001001010101010100001111001100000100111010001000001100100010010011001101111010011
01110000011001011000110000101011100101110111111101010101010011000000110010111100011101110001011111011011010011011100001100000101010000010110011111011010101011010110010101101110011100001010000010100011100010010111100010001111010101111001100000001111101111111000100100000001111101011111010001000111000000111001101000110011011100011110011110100110001011001011010010101101001001010111010010101101010110011010001000111000000111101011101000101001101011011001111100100011001100011111100111000110001110001001111011111100011111010100100000101010011010111100000100010011000010111010110101100111000110011110001011001101101101110000000110111010000100100110000011110110111011111111100110001110100000000000011100010111010111011111011001001000100010100001111001100000100111010001000001100100010010011001101111010011
01110000011001011000110000101011100100110111111101010101010011000000110010111100011101110001011111011011010011011100001100000111010000010110011111011010101011010110010101101110011100001010000010100011100010010111100010001111010101111001100000001111101111111000100100010001111101011111010001000101000000111001101000110011011100011110011110100110001011001011010010101101001001010111010010101101010110011010001000111000000111101011101000101001101011011001111100100011001100011111100111000110001100001001111011111100011111010100100000101010011010111100000100010011000010111010110101100111000110011110001011001101101101110000000110111010000100100110000011110110111011111111100110001110100000000000011100010111010111011111011001001000101010100001111001100000100111010001000001100100010010011001101111010011
10110001010101000101100111110100000010101111011011100110101100000100000101001011111111111000001001000010110100100011111001100000001111111101000100100001100101100001111000110010011110010101110001011010111110000100011101010001101010110100110101110000000001011111001001010100010000100101000111001111111111101111011111110111101010100101101111011101000100110010001010110010011100111100000100000010101101000011010101110101100010001000010000001011101011101111001001011101100111001011011011111100100001111110000000000011000101100000010001111101000011110011110111001000010101101101111110111010101000000101111101001011101100001111110000010111011111001010111110011100000110000000001001101101111010011010000111100010101101110110010100110101100100001100000100000011100100011010111110011100100100100110001110111011
01110000011001011000110000101011100101110111111101010101010011000000110010111100011101110001011111011011010011011100001100000101010000010110011111011010101011010110010101101110011100001010000010100011100010010111100010001111010101111001100000001111101111111000100100000001111101011111010001000101000000111001101000110011011100011110011110100110001011001011000010101101001001010111010010101101010110011010001000111000000111101011101000101001101011011001111100100011001000011111100111000110001110001001111011111100011111010100100000101010011010111100000100010011000010111010110101100111000100011110001011001101101101110000000110111010000100100110000011110110111011111111100110001110100000010000011100010111010111011111011001001000101010100001111001100000100111010001000001100100010010011001101111010011
00011110000001100100010001000000000000001010010100010001001010111010110101110110110010000110110101111010101010010000011100111010101001001011101101010011011010011111100110010001100010101001001100010100101101001100110110111111111101001000111100001101110000011001111111110111100000101011111001100100010000000001110010001000010011101000010110011010001101001011100011000000101110001101100110101101110100100111110100011101111001110100111111101100000111110100110100111010001100101100101010001010010111110100101110100110110010111100000011110000101110000101001101110011100100100001111011010110010101101000111000010101011011000011011001101110110110100001101010101101010011110110110011100000000010010011110011101001110001000011010010010010011101011011110001110110001110001101011101111011000111001101110010100010
01110000011001011000110000101011100100110111111101010101010011000000110010111100011101110001011111011011010011011100001100000111010000010110011111011010101011010110010101101110011100001010000010100011100010010111100000001111011101111000100000001111101111111000110100010000111101011111010001000111000000111001101000110011011100011110011110100110001011001010010010101101001000010111010010101101010110011010001000111000000111101011101000101001101011011001111100100011001100011111100111000110001000001001111011111100011111010100100000101010011010111100000100010011000110111010110101100111000100011110001011001101101101110100000110111010000100100110000011110110111011111111100110000110100000000100011100010111010111011111011001001010100010100001111001100000100111010001000001100100010010011001101111010011
10001111100110100111001111010100011010001000000010101010101100111111001101100011000010001110100000100100101100100011110011111000101111101001100000100101010100101001101010010001100011110101111101011100011101101000011111110000100010000111011111110000010000000111011011111111000010100000101110111010111111000110010111001100100011100001100001011001110100110101111101010010110110101000101101010010101001100101110111000111111000010100010111010110010100100110000011011100110011100000011000111001110011110110000100000011100000101011011111010101100101000011011011101100111001000101001010011000111011100001110100110010010010011111111001000101111011011000111100001001000100000000011001111001011111101011100011101000101000100000100110110111010101011110000110011111011000001110111110011011101101000110010000101100
10001111100110100111001111010100011011001000000010101010101100111111001101000011100010001110100000100100101100100011110011111010101111101001100000100101010100101001101010010001100011110101111101011100011101101000011101110000101010000110011111110000010000000111011011101110000010100000101110111010111111000110010111001100100011100001100001011001110100110100101101010010110110101000101101010010101001100101110111000111111000010100010111010110010100100110000011011100110011100000011000111001110001110110000100000011100000101011011111010101100101000011111011101100111101000101001010011000111001100001110100110010010010001111111001000101111011011000111100001001000100000000011001110001011111111111100011101000101000100000100110110111010101011110000110011111011000101110111110011011101101100110010000101100
10001111100110100111001111010100011010001000000010101010101100111111001101000011100010001110100000100100101100100011110011111010101111101001100000100101010100101001101010010001100011110101111101011100011101101000011101110000101010000110011111110000010000000111011011111110000010100000101110111010111111000110010111001100100011100001100001011001110100110100111101010010110110101000101101010010101001100101110111000111111000010100010111010110010100100110000011011100110011100000011000111001110001110110000100000011100000101011011111010101100101000011111011101100111101000101001010011000111011100001110100110010010010001111111001000101111011011000111100001001000100000000011001110001011111101111100011101000101000100000100110110111010101011110000110011111011000101110111110011011101101100110010000101100
01110000011001011000110000101011100100100111111101010101010011000000110010111100011101110001011111011011010011011100001100000111010000010110011111011010101011010110010101101110011100001010000010100011100010010111100000001111011101111000100000001111101111111000110100010001111101011111010001000111000000111001101000110011011100011110011110100110001011001010010010101101001000010111010010101101010111011010001000111000000111101011101000101001101011011001111100100011001100010111100111000110001000001001111011111100011111010100100000101010011010111100000100010011000110111010110101000111000110011110001011001101101101110000000110111010000100100110000011110110111011111111100110000110100000000100011100010111010111011111011001001010100010100001111001100000100111010001000001100100010010011001101111110011
10001101001101100111001111010100010010000000000011101010101000111111001101000011100000001110100001110100101100100001110011111010001101101000100000100001110100101001101010010001100001110101011101011100111101101011011100111000111010010100011111110001010001001111011011111110001010100000101110011000110110000110000011001100100111111001000001011000000100110100101101010010111110101000001101010010101010100101110111100111010000010110010111010110011101100110001011011100100011101001001100101001010001110110100100000011100100101011001100010101100101000011110011101100111101000101001010000010111011100001110000110010011010001111111001101111011111111000111011001001000110000000111000101001011111111111100011101000101000100000100110110111011101011110010110010111010111101010111110111011001101100010010100101101
01110000011001011000110000101011100100110111111101010101010011000000110010011100011101110001011111011011010011011100001100000111010000010110011111011010101011010110010101101110011100001010000010100011100010010111100000001111011101111000100000001111101110111000100100010000111101011111010001000101000000111001101000110011011100011110011110100110001011001011000010101101001001010111010010101101010110011010001000111000000111101011101000101001101011011001111100100011001100011111100111000110001100001001111011111100011111010100100000101010011010111100100100010011000110111010110101100111000100011110001011001101101101110000000110111010000100100111000011110110111011111111100110000110100000010000011100010111010111011111011001001000101010100001111001100000100111010001000001100100010010111001101111010011
01110010110110011000110000101011101101111111111100010101010111000000110010111100011111110001011110001011010011011110001100000101111010010111011111011110001011010110010101101110011110001010100010100011000010010100100011000111000101101011100000001110101110111000100100000001110101011111010001100111001001111001111100110011011000000110111110100111111011001011010010101101000001010111110010101101010101011010001000011000101111101001101000101001100010011001110100100011011100010110110011010110101110001001011011111100011011010100110011101010011010111100001100010011000010111010110101111101000100011110001111001101100101110000000110010000100000000111000100110110111001111111000111010110100000000000011100010111010111011111011001001000100010100001101001101000101000010101000001000100110010011001101011010010
01000111100111110101101111110110011010001110000011101110110010001111101101001011000100010000000000100100001110100011110011111010000110111001100000000101010101100001101000010101011111110001011110010100001101101001001000111000100010000101011101110011001110010010000001111111011010101000111110111110111010100100001111000110100111101000100010000001010110110101011101011010111111101000001101000010101001010101110111001111010111100010010110010110001100100111101011011101100110001011001000110001110110100000000000110011110010100001001101010111101101010011110001101100101001000111011010111000111011100001110000000011011000000010110001010111011111011000111000001011000100101001011001111001010111101010101011101000101000101011110100110100000111011110010110100010110011011011010110111011111110100010101110001111
10001111100110100111001111010100011010001000000010101010101000111111001101100011000010001110100000100100101100100011110011111000101111101001100000100101010100101001101010010001100011110101111101011100011101101001011111110000100010000111011111110000010001000111011011111111000010100000101110111010111111000110010111001100100011100001100001011001110100110100111101010010110110101000101101010010101001100101110111000111111000010100010111010110010100100110000011011100110011100000011000111001110011110110000100000011100000101011011111010101100101000011011011101100111001000101001010011000111011100001110100110010010010011111111001000101111011011000111100001001000100000000011001111001011111101011100011101000101000100000100110110111010101011110000110011111011000001110111110011011101101000110010000101100
10010111000101010101101111110110011010001110000011101110000010001111001101100011010100010011000000100000001110100011110011111010101110111001100000100101010111101111101000110001111111110101111100110100101101101000011000111000100010000101000101110111010000010011000001111111000000101000111110111110111010100101001111000110100011101000100110011001010110110101001001010010011111111000001001010010101001010111110111000101010111100100010110011110001110100111101011011101100110001011001000111001110011110000000000100011000110100000001101000100101101010011110101101000101001000101011010011110111011100001110100100011011000000010110001010111010111011000111000001011000100101001011011111001010111100010100011101000101000101011110100100010100100000110010010110010110011101111111110101011101100100110101110101101
11101101101110001011101110101101110110000110101011100000111101000100001010001001101100111001001011000101010101101011000001001010100111010001010000100000101100110000011101110111011000010100010011111011010000100111001101101000011010110100101010010010001111101100010000001000111111010101000111011011001111011110011111110010001100111111101001001101010110110100010100111110001110100011000001011010001001001011001001110110001110010000110000010011010000110011011111100001111011100011000101101101000000001101000101011001100101000101101000001000001011101011011010001100010001100110001110011010101101010001100111100010111100111100000110011001011001001100110111011100001011011100100100011110111111101110000101010010001110111100101000100011110110111101011110001011010111010000100110110000110111110011011100111111
01110000011001011000110000101011100100110111111101010101010011000000110010111100011101110001011111011011010011011100001100000111010000010110011111011010101011010110010101101110011100001010000010100011100010010111100010001111010101111001100000001111101111111000100100010001111101011111010001000111000000111001101000110011011100011110011110100110001011001011010010101101001001010111010010101101010110011010001000111000000111101011101000101001101011011001111100100011001100011111100111000110001100001001111011111100011111010100100000101010011010111100000100010011000010111010110101100111000110011110001011001101101101110000000110111010000100100111000011110110111011111111100110001110100000000000011100010111010111011111011001001010100010100001111001100000100111010001000001100100010010011001101111010011
10001111100110100111001111010100011011001000000010101010101100111111001101000011100010001110100000100100101100100011110011111000101111101001100000100101010100101001101010010001100011110101111101011100011101101000011111110000100010000111011111110000010000000111001011101111000010100000101110111000111111000110010111001100100011100001100001011001110100110101111101010010110111101000101101010010101001100101110111000111111000010100010111010110010100100110000011011100110011100000011000111001110111110110000100000011100000101011011111010101100101000011111011101100111001000101001010111000111011100001110100110010010010011011111001000101111011011000111100001001000100000000011001111001011111111011100011101000101000100000100110110101011101011110000110011111011000001110111110011011101101100110010000001100
11101101101110001011000110101101110110000110101011100000111101000100001010001001001100111001001011000101010101101011000001001010100111010101010000100000101100110000011101110111011000010100010011111011010000000111001101111000011010110100101010010010001011101100110000001000111111010101000111011011001111011110011111110010001100111111101001101101010110110110010100111111001110010001100001011010001001000010001001110110001110010000110000010011110000110011011011100001111011100011000101101101000000001101000001011001100001010101101100001000001011101011011010001100000001100111001110011010101101010001000111101010111101111100000110011001011101001100110111011100001111001100100100011110111111101110000101010010001110111100001000110011110110111101011110001011010111011000100110111000110111100011011100111111
10001111100110100111001111010100011010001000000010101010101100111111001101100011100010001110100000100100101100100011110011111000101111101001100000100101010100101001101010010001100011110101111101011100011101101000011101110000100010000111011111110000010001000111011011111111000010100000101110111010111111000110010111001100100011100001100001011001110100110101111101010010110110101000101101010010101001100101110111000111111000010100010111010110010100100110000011011100110011100000011000111001110011110110000100000011100000101011011111010101100101000011011011101100111001000101001010011000111011100001110100110010010010001111111001000101111011011000111100001001000100000000011001111001011111101111100011101000101000100000100110110111010101011110000110011111011000101110111110011011101101000110010000101100
10100101111110101111101101101101111101000011101011100001111100000101000100011001011110111001001101000110010000000010101011100000100111011101010000100000101111110001000100110110011101010100010001111010110010110101101101100001001010110100011001010010001110011110110001001001011111000011100111010111100111011100011111110001101100101111111001011001111011110100000010111110001010110001010110011011101001001000101101101100001110011000101000011111110000010001001111110001100011110011101101101100001000001111000111001001000101000111000000001000001011100001110110001100010011101010001101011100101101010000001100001001101100011100100010011011011110000100101111011100100010011100100101010110111100111111010000000010001110110110001100100011101110101001011111001011000101011101100100110100100001010011011110111011
01110000011001011000110000101011100101110111111101010101010011000000110010111100011101110001011111011011010011011100001100000101010000010110011111011010101011010110010101101110011100001010000010100011100010010111100010001111010101111001100000001111101111111000100100000001111101011111010001000111000000111001101000110011011100011110011110100110001011001011010010101101001001010111010010101101010110011010001000111000000111101011101000101001101011011001111100100011001100011111100111000110001110001001111011111100011111010100100000101010011010111100000100010011000010111010110101100111000100011110001011001101101101110000000110111010000100100110000011110110111011111111100110001110100000000000011100010111010111011111011001001000100010100001111001100000100111010001000001100100010010011001101111010011
01110000011001011000110000101011100100110111111101010101010011000000110010111100011101110001011111011011010011011100001100000111010000010110011111011010101011010110010101101110011100001010000010100011100010010111100000001111011101111000100000001111101111111000110100010000111101011111010001000111000000111001101000110011011100011110011110100110001011001010010010101101001000010111010010101101010110011010001000111000000111101011101000101001101011011001111100100011001100011111100111000110001000001001111011111100011111010100100000101010011010111100000100010011000110111010110101100111000110011110001011001101101101100100000110111010000100100110000011110110111011111111100110000110100000000100011100010111010111011111011001001010100010100001111001100000100111110001000001100100010010011001101111010011
10001101001101100111001111010100010010001000000011101010101000111111001101000011100100000110100001110100101100100001110011111010001111101000101000100101110100101001101010010001100001110101011101011100011101101000011100111000111010010100011111110001010001000011011011111110001010100000101110011000111110000110000011001100100111101001000000011000100100110101101101010010111111101000001101010010101010100101110111100111010000010110010111010110011101100110101011011100100011101001001100101001010001110110100100000011100100101011011100010101100101000011110011101100111001000101001010000010111011100001110000110011010010001111111001100111011111111000111011001001000110000001111000101001001111111111100011101000101000100000100110110101011101011110000110011111011111101010111110111011101101000110010000101101
11101101101110001011101110101101110110000111101011100000111101000100001010001001101100111001001011000100010101101011000001001010100111010001010000100000101100110000011101110111011000010100010011111011010000100111001101101000011010110100001010010010001111101100010000001000111111010101000111011011001111011110011111110010001100111111101001001101010110110100010100111110001110100011000001011010001001001011001001110110001110010000110000010011110000110011011011100001111011100011000101101101000000001101000101011001100101010101101000001000001011101011011010001100000001100110001110011010101101010001000111100010111100111100000110011001011001001100111111011100001011011100100100011110111111101110000101010010001110111100101000100011110110111101011110001011010111010000100110111000110111110011011100111111
10001111100110100111001111010100011010001000000010101010101100111111001101100011100010001110100000100100101100100011110011111000101111101001100000100101010100101001101010010001100011110101111101011100011101101000011111110000100010000111011111110000010000000111011011111111000010100000101110111010111111000110010111001100100011100001100001011001110100110100111101010010110110101000101101010010101001100101110111000111111000010100010111010110010100100110000011011100110011100000011000111001110011110110000100000011100000101011011111010101100101000011011011101100111001000101001010011000111001100001110100110010010010001111111001000101111011011001111100001001000100000000011001111001011111101111100011101000101000100000100110110111010101011110000110011111011000101110111110011011101101000110010000101100
01110000011001011000110000101011100100110111111101010101010011000000110010111100011101110001011111011011010011011100001100000101010000010110011111011010101011010110010101101110011100001010000010100011100010010111100010001111010101111001100000001111101111111000100100010001111101011111010001000101000000111001101000110011011100011110011110100110001011001011010010101101001001010111010010101101010110011010001000111000000111101011101000101001101011011001111100100011001100011111100111000110001110001001111011111100011111010100100000101010011010111100000100010011000010111010110101100111000100011110001011001101101101110000000110111010000100100110000011110110111011111111100110001110100000000000011100010111010111011111011001001000101010100001111001100000100111010001000001100100010010011001101111010011
01100000111010011000110000101001100101111111001110010101011111000000110011011100111011111101011111001001010001011100001101000101010001010110010111011010101010000000011111101010001100001010000011101011010010010111100011000110011001101010101000000000101111110110110100001010111111001111000101010010000011011000110100110001011100010110111001100111101001001110110100101101000000010110110110101101010101001010001000011010001111001011101100101001111001011000010100000111011000110000110011000110001101001101011111011100111001010100110011101011011011100010000010010001010010111010100101100101000101011100011011101100101111111100001110101000100000110111010111110110111011111110000101010111111100001100011100010111110111010110001011001100001011100001101101001001001100010000000001000100010011111001111001010010
11101101101110001011000110101101110110000110101011100000111101000100001010001001001100111001001011000101010101101011000001001010100111010101010000100000101100110000011101110111011000010100010011111011010000000111001101111000011010110100101010010010001011101100110000001000111111010101000111011011001111011110011111110010001100111111101001101101010110110110010100111111001110010001100001011010001001000010001001110110001110010000110000010011110000110011011011100001111011100011000101101101000000001101000001011001100001010101101100001000001011101011011010001100000001100111001110011010101101000001000111101010111101111100000110011001011101001100110111011100001111001100100100011110111111101110000101010010001110111100001000110011110110111101011110001011010111011000100110111000110111100011011100111111
10001111100110100111001111010100011011001000000010101010101100111111001101000011100010001110100000100100101100100011110011111000101111101001100000100101010100101001101010010001100011110101111101011100011101101000011101110000101010000110011111110000010000000111011011101110000010100000101110111010111111000110010111001100100011100001100001011001110100110100111101010010110110101000101101010010101001100101110111000111111000010100010111010110010100100110000011011100110111100000011000111001110011110110000100000011100000101011011111010101100101000011111011101100111101000101001010011000111001100001110100110010010010001111111001000101111011011001111100001001000100000000011001110001011111101111100011101000101000100000100110110111010101011110000110011111011000101110111110011011101101100110010000101100
01110000011001011000110000101011100100100111111101010101010011000000110010111100011101110001011111011011010011011100001100000111010000010110011111011010101011010110010101101110011100001010000010100011100010010111100000001111011101111000100000001111101111111000110100010000111101011111010001000111000000111001101000110011011100011110011110100110001011001010000010101101001000010111010010101101010111011010001000111000000111101011101000101001101011011001111100100011001100011111100111000110001000001001111011111100011111010100100000101010011010111100000100010011000110111010110101000111000110011110001011001101101101110100000110111010000100100110000011110110111011111111100110000110100000000100011100010111010111011111011001001010100010100001111001100000100111010001000001100100010010011001101111110011
10001101001001100111001111010100011010000000000011101010101000111111001101000011100010001110100001110100101100100001110011111010001101101000100000100001110100101001101010010001100001110101011101011100111101101011011100111000111010010100011111110001010001000111011011111110001010100000101110011000110110000110000011001100100111111001000001011000000100110100101101010010111110101001001101010010101010100101110111100111010000010110010111010110011101100110001011011100100011101001001100101001010001110110100100000011100100101011001100010101100101000011110011101100111101000101001010000010111011100001110000110010011010001111111001101111011111111000111011001001000110000000111000101001011111111111100011101000101000100000100110110111011101011110010110010111010111101010111110111011001101100110010100101100
10001101001101100111001111010100010010000000000011101010101000111111001101000011100100001110100001110100101100100001110011111010000101101000100000100001110100101001101010010001100001110101011101011100111101101011011100111000111010010100011111110001010001000111011011101110001010100000101110011000110110000110000011001100100111111001000001011000000100110110101101010010111111101000001101010010101010100101110111100111010000010110010111010111011001100110001011011100100011101001001100101001010001110110100100000011100100101011011100010101100101000011110011101100111101000101001010000010111011100001110000110010010010001111111001101111011111111000111011001001000110000000111000101001011111111111100011101000101000100000100110110111011101011110010110010111010111101010111110111011001101100110010100101101
10001111100110100111001111010100011011001000000010101010101100111111001101000011100010001110100000100100101100100011110011111000101111101001100000100101010100101001101010010001100011110101111101011100011101101000011111110000100010000111011111110000010000000111001011101111000010100000101110111000111111000110010111001100100011100001100001011001110100110101111101010010110111101000101101010010101001100101110111000111111000010100010111010110010100100110000011011100110011100000011000111001110111110110000100000011100000101011011111010101100101000011111011101100111001000101001010111000111001100001110100110010010010011011111001000101111011011001111100001001000100000000011001111001011111111011100011101000101000100000100110110101011101011110000110011111011000001110111110011011101101100110010000001100
01110000011001011000110000101011100100110111111101010101010011000000110010111100011101110001011111011011010011011100001100000101010000010110011111011010101011010110010101101110011100001010000010100011100010010111100010001111010101111001100000001111101111111000100100010001111101011111010001000101000000111001101000110011011100011110011110100110001011001011010010101101001001010111010010101101010110011010001000111000000111101011101000101001101011011001111100100011001000011111100111000110001110001001111011111100011111010100100000101010011010111100000100010011000010111010110101100111000100011110001011001101101101110000000110111010000100100110000011110110111011111111100110001110100000000000011100010111010111011111011001001000101010100001111001100000100111010001000001100100010010011001101111010011
11100101101110101101100110101111111110000010101011111011111100001101001100011011001100111001110010000101010101100000100011001111100011010001010000101100101101110001001000110111011101010100010011111101111000110110001101110000111010100101011010010010001011110010110000011011011110010010101111010011101011011110001111110000111100111111101001011001010110110000011100101110011010110000101001001010010001010001101001100100000000011001000000011011110000100101101011100001101111110011000011101101101000001011000001111001100111010111011000000000011011101011110010001100001001000111001110011100111011001001100111101010111000011110100010010011010010000100000101001010010010011000100100011110111111110110001101010010011100111000101000110011011110010110110110001001110011011001000000110000110101110011011110111111
10001111100110100111001111010100011010001000000010101010101100111111001101100011100010001110100000100100101100100011110011111000101111101001100000100101010100101001101010010001100011110101111101011100011101101000011101110001100010000111011111110000010000000111011011111111000010100000101110111010111101000110010111001100100011100001100001011001110100110100111101010010110110101000101101010010101001100101110111000111111000010100010111010110010100100110000011011100110111100000011000111001110011110110000100000011100000101011011111010101100101000011011011101100111001000101001010011000111001100001110100110010010010001111111001000101111011011001111100001001000101000000011001111001011111101111100011101000101000100000100110110111010101011110000110011111011000101110111110011011101101000110010000101100
10001111100110100111001111010100011011001000000010101010101100111111001101000011100010001110100000100100101100100011110011111010101111101001100000100101010100101001101010010001100011110101111101011100011101101000011101110000101010000110011111110000010000000111011011101110000010100000101110111010111111000110010111001100100011100001100001011001110100110100111101010010110110101000101101010010101001100101110111000111111000010100010111010110010100100110000011011100110111100000011000111001110001110110000100000011100000101011011111010101100101000011111011101100111101000101001010011000111001100001110100110010010010001111111001000101111011011000111100001001000100000000011001110001011111101111100011101000101000100000100110110111010101011110000110011111011000101110111110011011101101100110010000101100
10001111100110100111001111010100011010001000000010101010101100111111001101100011100010001110100000100100101100100011110011111000101111101001100000100101010100101001101010010001100011110101111101011100011101101000011101110000100010000111011111110000010000000111011011111111000010100000101110111010111111000110010111001100100011100001100001011001110100110100111101010010110110101000101101010010101001100101110111000111111000010100010111010110010100100110000011011100110011100000011000111001110011110110000100000011100000101011011111010101100101000011011011101100111001000101001010011000111001100001110100110010010010001111111001000101111011011000111100001001000100000000011001111001011111101111100011101000101000100000100110110111010101011110000110011111011000101110111110011011101101000110010000101100
10001111100110100111001111010100011010001000000010101010101100111111001101000011100010001110100000100100101100100011110011111010101111101001100000100101010100101001101010010001100011110101111101011100011101101000011101110000101010000110011111110000010000000111011011111110000010100000101110111010111111000110010111001100100011100001100001011001110100110100101101010010110110101000101101010010101001100101110111000111111000010100010111010110010100100110000011011100110111100000011000111001110001110110000100000011100000101011011111010101100101000011111011101100111101000101001010011000111011100001110100110010010010001111111001000101111011011001111100001001000100000000011001110001011111111111100011101000101000100000100110110111010101011110000110011111011000101110111110011011101101100110010000101100
01110000011001011000110000101011100100100111111101010101010011000000110010111100011101110001011111011011010011011100001100000111010000010110011111011010101011010110010101101110011100001010000010100011100010010111100000001111011101111000100000001111101111111000110100010000111101011111010001000111000000111001101000110011011100011110011110100110001011001010000010101101001000010111010010101101010111011010001000111000000111101011101000101001101011011001111100100011001100011111100111000110001000001001111011111100011111010100100000101010011010111100000100010011000110111010110101000111000100011110001011001101101101110100000110111010000100100110000011110110111011111111100110000110100000000100011100010111010111011111011001001010100010100001111001100000100111010001000001100100010010011001101111110011
01000111100111110101101111110110011010001110000011101110110010001111101101001011000100010000000000100100001110100011110011111010000110111001100000000101010101100001101000010101011111110001011110010100001101100001001000111000100010000101011101110011001110010010000001111111011010101000111110111110111010100100001111000110100111101000100010000001010110110101011101011010111111101000001101000010101001010101110111001111010111100010010110010110001100100111101011011101100110001011001000110001110110100000000000110011110010100001001101010111101101010011110001101100101001000111011010111000111011100001110000000011011000000010110001010111011111011000111000001011000100101001011001111001010111101010101011101000101000101011110100110100000111011110010110100010110011011011010110111011111110100010101110001111
01110000011001011000110000101011100100110111111101010101010011000000110010111100011101110001011111011011010011011100001100000111010000010110011111011010101011010110010101101110011100001010000010100011100010010111100010001111010101111001100000001111101111111000100100010001111101011111010001000111000000111001101000110011011100011110011110100110001011001011010010101101001001010111010010101101010110011010001000111000000111101011101000101001101011011001111100100011001100011111100111000110001100001001111011111100011111010100100000101010011010111100000100010011000010111010110101100111000110011110001011001101101101110000000110111010000100100110000011110110111011111111100110001110100000000000011100010111010111011111011001001000100010100001111001100000100111010001000001100100010010011001101111010011
01110000011001011000110000101011100101110111111101010101010011000000110010011100011101110001011111011011010011011100001100000111010000010110011111011010101011010110010101101110011100001010000010100011100010010111100010001111011101111000100000001111101111111000100100000000111101011111010001000101000000111001101000110011011100011110011110100110001011001010000010101101001001010111010010101101010110011010001000111000000111101011101000101001101011011001111100100011001000011111100111000110001100001001111011111100011111010100100000101010011010111100100100010011000110111010110101100111000100011110001011001101101101110000000110111010000100100110000011110110111011111111100110000110100000010000011100010111010111011111011001001000101010100001111001100000100111010001000001100100010010111001101111010011
