01110010110110011000110000101011100101111111111100010101010111000000110010111100011011110001011110001011010011011110001100000101110010010111011111011110001011010110010101101110011110001010100010100011000010010100100011000111000101101011100000001110101110111000100100000001110101011111010001100111001001111001111100110011011000000110111110100111111011001011010010101101000000010110110010101101010101011010001000011000101111101001101000101001100010011001110100100011011100010110110011010110101110001001011011111100011011010100110011101010011010111100001100010011000010111010110101111101000100011110001111001101101101110000000110010000100000000111000100110110111001111111000111010110100000000000011100010111010111011111011001001000100010100001101001101000101000010101000001000100110010011101101011010011
01011010000001010000010110010000000010111100010100011110000011111010111011100110110001000110100010111001101011011101010100011111011000100010101111010111010000011110110011000001100010101011101110000101001101001010110010011110110101001011100110101111110001100001001110110111100000101100011100101000011000100011110000001110010011010000000110100110001101001011110101000001110101001110101100110101010110110111010010010111110001100111010111100000001111111110110000011110011100000100010000010011110111110000111000110110111010111000101111110111111100011110001101110011100100010101110010100011010010101111110001110110010011100011011101101100100001111011010000100011011101100011011010101001000011001000100111111101010001001001110011011100010001010010100001110100111010100010011011001011011110001100100001000100
01011010000001010000010010010000000010111100010100011110000011111010111011100110110001000110110010111001101011011101010100011111011000100010101111011111010000011110110011001001100010101011101110000101001101001010110010011110110101001011100110101111110001100001001110110111100000111100011100101000011000100011110000001110010011010000000110100110001101001011110101000001110101001110101000100101010110110111010010010011110001100111010111100000001111111110110000001110011100000100010010010011110111110000111000110110111010111000101111110111110100011110001001110011100100010101110010100011010010101111110011110110010011100011011101101100100001111011010000100011011101100011011010101000000011000000100111111101010001001001110011011100010001010010100001110100111010100010011011001011011110001100100001000100
10001111101101100010111110111110111110110000111000001010100101111100111100100101001101010011001111010101000000101101000010100101110000000000101110100100010000101001011000010101001001100011110111110001011001101011001001110000110010111011011110101010110000100101010000011100011111110100110000001000101111010111000011011110101101001001001010100001100010110011111000111110000001100001001001010011000010110000111010110000011000010111000101110011010000100001011011000110111011110100000101110100101000010111010000001011101110000010111101000101111101111010110001110110011100000111001110110101011010101111100111111010000001111001101101110001011011001100110100100010101101000001111001010111100001100100011110010110010100101101101011010111110010000101100100000110110011000010000111000010111101110010001101010111
01110000011001011000110000101011100101110111111101010101010011000000110010011100011101110001011111011011010011011100001100000111010000010110011111011010101011010110010101101110011100001010000010100011100010010111100000001111011101111000100000001111101111111000100100000000111101011111010001000101000000111001101000110011011100011110011110100110001011001010000010101101001001010111010010101101010110011010001000111000000111101011101000101001101011011001111100100011001100011111100111000110001100001001111011111100011111010100100000101010011010111100100100010011000110111010110101100111000110011110001011001101101101110000000110111010000100100110000011110110111011111111100110000110100000010000011100010111010111011111011001001000101010100001111001100000100111010001000001100100010010111001101111010011
10001111000111100111011111011100011010000001100011101010101000111111001100000011100100000010100001110100100100100001110011111010100111101000101000100001110101111101100010010101110001110001011101111100101001100000011100110000111010110100011111111011010001001001011011101101001010110000101110011100111111000110001011001100100111101001100001011000000100110100101111010110111110111000001101010010101010100001110111100111010000010110010101010110010101100110001011011000100011101001001100101011010000110010100001101011100110101011011100010001000100000111010011101100001001000101001010001010111011100011100100010011000000101111111001000111011111101000101011001001000100000001111001101000001111111111100011101010001100101001100100110111111100011110000110011111010111101011111110111011101101000010010100111101
01110000011001011000110000101011100100110111111101010101010011000000110010111100011101110001011111011011010011011100001100000101010000010110011111011010101011010110010101101110011100001010000010100011100010010111100010001111010101111001100000001111101111111000100100010001111101011111010001000101000000111001101000110011011100011110011110100110001011001011010010101101001001010111010010101101010110011010001000111000000111101011101000101001101011011001111100100011001000011111100111000110001110001001111011111100011111010100100000101010011010111100000100010011000010111010110101100111000110011110001011001101101101110000000110111010000100100111000011110110111011111111100110001110100000000000011100010111010111011111011001001010101010100001111001100000100111010001000001100100010010011001101111010011
10111000011000001010010000001001100101110001111100010001001101110000010010110100111011101111111111011011110001011100001100000101111001000110011111111010101010011110010111101010100000001110100001101011110010010110110111000111011101111010100010001100110001101101111110000000100101010111000001000001000101011011110000111001011000010111011101111110101001001010100010100101000000010111110010111101010110101010001000110000101000011101101001101001110011011000010100100010011001110100110111001110001001011111111111001100001101011110110010101000010010101100001110010011010110111000100101000111000100011110001111111100100111111101001110101000100000100111000111110100111011010110100110000110101000010101010100010111010111010100001011001011111000100001101001011101001100100100101001000100000001011101010001110000
10001111100110100111001111010100011010001000000010101010101100111111001101000011100010001110100000100100101100100011110011111000101111101001100000100101010100101001101010010001100011110101111101011100011101101000011101110000101010000110011111110000010000000111011011111110000010100000101110111010111111000110010111001100100011100001100001011001110100110100111101010010110110101000101101010010101001100101110111000111111000010100010111010110010100100110000011011100110111100000011000111001110011110110000100000011100000101011011111010101100101000011111011101100111101000101001010011000111001100001110100110010010010001111111001000101111011011001111100001001000100000000011001110001011111101111100011101000101000100000100110110111010101011110000110011111011000101110111110011011101101100110010000101100
10001101001001100111001111010100010010000000000011101010101000111111001101000011100000001110100001110100101100100001110011111010000101101000100000100001110100101001101010010001100001110101011101011100111101101011011100111000111010010100011111110001010001001111011011111110001010100000101110011000110110000110000011001100100111111001000001011000000100110100101101010010111110101001001101010010101010100101110111100111010000010110010111010110011101100110001011011100100011101001001100101001010001110110100100000011100100101011001100010101100101000011110011101100111101000101001010000010111011100001110000110010011010001111111001101111011111111000111011001001000110000000111000101001011111111111100011101000101000100000100110110111011101011110010110010111010111101010111110111011001101100010010100101101
01010010010001010010000000000011000001111100110100010100000011011010111011100100110001000111111111111011101011011111001100011001011000100110101111010111010010001110110111001000110011101111101100000011100100011011110110000110000101011010100001101101111100001100001110110100100000101111011000101100011100100010110010001110010011010000010100100010001001001111100011100001100001001111110000110101101110101111001010011011111101100110111001110000000111101001110100111010011000001100110000010011111111110000111100000110101010011000110011101101101100010100101101110011110110110000110001100011010110110111001011010101001011101001011101101100101101111011110000110100111101100111011111000001100000001000100110111101110011000011010111001100110001010011001001110100101000100110100001000111011010011100100001000100
01110000011001011000110000101011100101110111111101010101010011000000110010011100111101110001011111011011010011011100001100000111010000010110011111011010101011010110010101101110011100001010000010100011100010010110100000001111011101111000100000001111101110111000100100000000111101011111010001000101000000111001101000110011011100011110011110100110001011001011000010101101001001010111010010101101010110011010001000111000000111101011101000101001101011011001111100100011001100011111100111000110001100001001111011111100011111010100100000101010011010111100100100010011000110111010110101100111000100011110001011001101101101100000000110111010000100100111000011110110111011111111100110000110100000010100011100010111010111011111011001001000101010100001111001100000100111110001000001100100010010111001101111010011
10001111100110100111001111010100011011001000000010101010101000111111001101100011100010001110100000100100101100100011110011111000101111101001100000100101010100101001101010010001100011110101111101011100011101101000011101110000100010000111011111110000010001000111011011101111000010100000101110111010111111000110010111001100100011100001100001011001110100110100111101010010110110101000101101010010101001100101110111000111111000010100010111010110010100100110000011011100110011100000011000111001110011110110000100000011100000101011011111010101100101000011011011101100111001000101001010011000111011100001110100110010010010001111111001000101111011011000111100001001000100000000011001111001011111101111100011101000101000100000100110110111010101011110000110011111011000101110111110011011101101000110010000101100
10001111100110100111001111010100011011001000000010101010101100111111001101000011100010001110100000100100101100100011110011111010101111101001100000100101010100101001101010010001100011110101111101011100011101101000011101110000101010000110011111110000010000000111011011101110000010100000101110111000111111000110010111001100100011100001100001011001110100110100101101010010110110101000101101010010101001100101110111000111111000010100010111010110010100100110000011011100110011100000011000111001110001110110000100000011100000101011011111010101100101000011111011101100111101000101001010011000111011100001110100110010010010001111111001000101111011011000111100001001000100000000011001110001011111111111100011101000101000100000100110110101011101011110000110011111011000101110111110011011101101100110010000101100
01001110000101110000011110101011010010010000110000011110000011111010111011100110010001000111110111111001001010011101000110111101011000110010101111010111011000011110111011000001101011101011101100000101001001001010110010111110110101011011100110101111110101100000000110111101100101111010111000000000111000010010100000001100000011110000000110100010100000001011110001101111110001000110101011010101010010110101111010010111111001110111011111100000010111111001110010010100001110000100000010010011011111110011111000110110111010110010111111000110110100011110001101110111100110000110110010000111010110101111000011110100010011110001011101100100100000111011000000100011011101100011011010101000000011000000100111111101010001001001100011011110110001010010100110100100111010000011000011101011011010001001100001000110
00010010010001110100010000000011000001111101010000011111000011111011111001100110010011000100110100111010101011011101110110110011011000101110101111011111010000001110110111010000100010101010101100000100000111011001111010000111110101001011010101101101110110010101001111100110101001101110011000100101010100100101100000001100010011000000010110100010101001001011111011100010110110101110101110100101110100110111010010001000010011111110000001111000011101011001100000111110000100001100011110010010010101110000101110100110010010001010001111110011110110010100000001110011101110010000110011101101110110110111111000010101000111101001111001100110100100110011000000110011111101100011011011111000000001111001111010101101111001000011010111011100000101110000100000110110001100101111011001001011000110001101100000000100
11101101101110001011101110101101110110000010101011100000111101000100001010001001101100111001001011000101010101101011000001001010100111010001010000100000101100110000011101110111011000010100010011111011010000100111001101101000011010110100101010010010001111101100010000001000111111010101000111011011001111011110011111110010001100111111101001001101010110110100010100111110001110100011000001011010001001001011001001110110001110010000110000010011010000110011011111100001111011100011000101101101000000001101000101011001100101000101101000001000001011101011011010001100000001100110001110011010101101010001100111100010111100111100000110011001011001000100110111011100001011011100100100011110111111101110000101010010001110111100101000110011110110111101011110001011010111010000100110110000110111110011011100111111
10001111000111100111011111011100011010000001100011101010101000111111001100000011100100000010100001110100100100100001110011111010100111101000101000100001110101111101100010010101110001110001011101111100101001100000011100110000111010110100011111111011010001001001011011101101001010110000101110011100111111000110001011001100100111101001100001011000000100110100101111010110111110111000001101010010101010100001110111100111010000010110010101010110010101100110001011011000100011101001001100101011010000110010100001101011100110101011011100010001000100000011010011101100001001000101001010001010111011100011100100010011000000101111111001000111011111100000101011001001000100000001111001101000001111111111100011101010001100101001100100110111111100011110000110011111010111101011111110111011101101000010010100111101
01110000111111011001100111110111111100101101001111100100110101000101001101001011101101111001001010000101110100100011111001000000000110111100000100101000100101100001010001101110011110110110110011111011110110100100001001110010001010110100000001110000001001111110001001001100011000000101000111011111100111111111101111110111111110010111100011010101010011010110001010110001010100010000010100100010001011011001001111111000001110001001011000011011101011100011000101100001110111010011110001110101110001001101010011000001001001000000110100101001001011110011110110001000011101011111000101111101101000010011001111001010101101000100010010010101011101011010110111011100110110000100100101010111101100101101001100010010101111010110011100100111000010101100001101001011100101110010010100100100110100100110001101111101
00010111100111010001101111110110011010001110000011101110110010001111101101001011000100010011000000100100001110100011010010111010000110111001110000000101010101100001101010010101011111110101111110110101001101100001011000111000100010000101010111110011001100000011000011111111010010100000111110001110111010100111011111000110100011100000100010000001010110110101011001011010011111111000001101010010101001110101100111000111010111100010010110010010001100100111100011011101100010001011011000111101110010110000000000100011100010100001001101010110101101010011110101101100111001000111011010111000111011100001110100010011111000100010110001010111011111001000111000001010000100000000011001111001010111101010101111101000101000101001110100110100100110011110010110100010110011111011110110101011111100100010100110001111
01110000011001011000110000101011100101110111111101010101010011000000110010011100011101110001011111011011010011011100001100000111010000010110011111011010101011010110010101101110011100001010000010100011100010010111100000001111011101111000100000001111101111111000100100000000111101011111010001000101000000111001101000110011011100011110011110100110001011001010000010101101001001010111010010101101010110011010001000111000000111101011101000101001101011011001111100100011001000011111100111000110001100001001111011111100011111010100100000101010011010111100100100010011000110111010110101100111000100011110001011001101101101110000000110111010000100100111000011110110111011111111100110000110100000010000011100010111010111011111011001001000101010100001111001100000100111010001000001100100010010111001101111010011
01110000011001011000110000101011100100110111111101010101010011000000110010111100011101110001011111011011010011011100001100000111010000010110011111011010101011010110010101101110011100001010000010100011100010010111100000001111011101111000100000001111101111111000110100010000111101011111010001000111000000111001101000110011011100011110011110100110001011001010010010101101001000010111010010101101010111111010001000111000000111101011101000101001101011011001111100100011001100010111100111000110001000001001111011111100011111010100100000101010011010111100000100010011000110111010110101100111000110011110001011001101101101100100000110111010000100100110000011110110111011111111100110000110100000000100011100010111010111011111011001001010100010100001111001100000100111110001000001100100010010011001101111010011
10001111100110100111001111010100011011001000000010101010101100111111001101000011100010001110100000100100101100100011110011111000101111101001100000100101010100101001101010010001100011110101111101011100011101101000011111110000100010000111011111110000010000000111001011101111000010100000101110111000111111000110010111001100100011100001100001011001110100110101101101010010110111101000101101010010101001000101110111000111111000010100010111010110010100100110000011011100110011101000011000111001110111110110000100000011100000101011011111010101100101000011111011101100111001000101001010011000111001100001110100110010010010001011111001000101111011011001111100001001000100000000011001111001011111111011100011101000101000100000100110110101011101011110000110011111011000101110111110011011101101100110010000101100
10001111100110100111001111010100011011001000000010101010101100111111001101000011100010001110100000100100101100100011110011111010101111101001100000100101010100101001101010010001100011110101111101011100011101101000011101110000101010000110011111110000010000000111011011101110000010100000101110111010111111000110010111001100100011100001100001011001110100110100101101010010110110101000101101010010101001100101110111000111111000010100010111010110010100100110000011011100110011100000011000111001110001110110000100000011100000101011011111010101100101000011111011101100111101000101001010011000111001100001110100110010010010001111111001000101111011011000111100001001000100000000011001110001011111111111100011101000101000100000100110110111010101011110000110011111011000101110111110011011101101100110010000101100
01110000011001011000110000101011100101110111111101010101010011000000110010011100011101110001011111011011010011011100001100000111010000010110011111011010101011010110010101101110011100001010000010100011100010010111100000001111011101111000100000001111101111111000100100000000111101011111010001000101000000111001101000110011011100011110011110100110001011001011000010101101001001010111010010101101010110011010001000111000000111101011101000101001101011011001111100100011001000011111100111000110001100001001111011111100011111010100100000101010011010111100100100010011000110111010110101100111000100011110001011001101101101110000000110111010000100100110000011110110111011111111100110000110100000010000011100010111010111011111011001001000101010100001111001100000100111010001000001100100010010111001101111010011
10001111100110100111001111010100011010001000000010101010101100111111001101100011100010001110100000100100101100100011110011111000101111101001100000100101010100101001101010010001100011110101111101011100011101101000011101110000100010000111011111110000010001000111011011111111000010100000101110111010111111000110010111001100100011100001100001011001110100110100111101010010110110101000101101010010101001100101110111000111111000010100010111010110010100100110000011011100110011100000011000111001110011110110000100000011100000101011011111010101100101000011011011101100111001000101001010011000111011100001110100110010010010001111111001000101111011011000111100001001000100000000011001111001011111101111100011101000101000100000100110110111010101011110000110011111011000101110111110011011101101000110010000101100
10001111100110100111001111010100011010001000000010101010101100111111001101100011100010001110100000100100101100100011110011111000101111101001100000100101010100101001101010010001100011110101111101011100011101101000011111110000100010000111011111110000010001000111011011111111000010100000101110111010111111000110010111001100100011100001100001011001110100110100111101010010110110101000101101010010101001100101110111000111111000010100010111010110010100100110000011011100110011100000011000111001110011110110000100000011100000101011011111010101100101000011011011101100111001000101001010011000111011100001110100110010010010001111111001000101111011011000111100001001000100000000011001111001011111101111100011101000101000100000100110110111010101011110000110011111011000101110111110011011101101000110010000101100
01110000011001011000110000101011100100110111111101010101010111000000110010011100011101110001011111011011010011011100001100000111010000010110011111011010101011010110010101101110011100001010000010100011100010010111100000001111011101111000100000001111101110111000100100010000111101011111010001000101000000111001101000110011011100011110011110100110001011001010000010101101001001010111010010101101010110011010001000111000000111101011101000101001101011011001111100100011001000011111100111000110001100001001111011111100011111010100100000101010011010111100100100010011000110111010110101100111000100011110001011001101101101110000000110111010000100100111000011110110111011111111100110000110100000010000011100010111010111011111011001001000101010100001111001100000100111010001000001100100010010111001101111010011
00001110000010100100011001001000000111001010000101111101001000110010100111010100110010011110110101100010000011010000110100111011001101001111101111011011001011011111100010001000100101001001001101000100101110011100110010011111111101001000111101001101110011110011110111110111000000101001101100110100110010100000111000000001000110101000010100011010001101101001100111000001111111001110100110101101110100101110010101001101110001111100100110101100100111011100111110011100001100101000101010101010010111110110101100100110010101111001000011110110110000000110001101001011100001111100110000000110110101101000111000000101011010000010111101001111110010110101001010010001011010110000110011101000001110011011110001101001100001010010010010010000001101011011111001110111001100100101011111111111000111101100110010101000
10001111100110100111001111010100011011001000000010101010101100111111001101000011100010001110100000100100101100100011110011111000101111101001100000100101010100101001101010010001100011110101111101011100011101101000011101110000101010000110011111110000010000000111011011101110000010100000101110111010111111000110010111001100100011100001100001011001110100110100101101010010110110101000101101010010101001100101110111000111111000010100010111010110010100100110000011011100110111100000011000111001110011110110000100000011100000101011011111010101100101000011111011101100111101000101001010011000111001100001110100110010010010001111111001000101111011011000111100001001000100000000011001110001011111111111100011101000101000100000100110110101010101011110000110011111011000101110111110011011101101100110010000101100
01110000011001011000110000101011100101110111111101010101010011000000110010011100011101110001011111011011010011011100001100000111010000010110011111011010101011010110010101101110011100001010000010100011100010010111100000001111011101111000100000001111101111111000100100000000111101011111010001000101000000111001101000110011011100011110011110100110001011001011000010101101001001010111010010101101010110011010001000111000000111101011101000101001101011011001111100100011001000011111100111000110001100001001111011111100011111010100100000101010011010111100100100010011000110111010110101100111000110011110001011001101101101110000000110111010000100100110000011110110111011111111100110000110100000010000011100010111010111011111011001001000101010100001111001100000100111010001000001100100010010111001101111010011
01011010000001010000010010010010000010111100010100011110000011111010111011100110110001000110110010111011101011011101010100011111011000100010101111011111010000011110110011001001100010101011101110000101001101001010110010011110110101001011100110101111110001110001001110110111100000111100011000101000011000100011100000001111010011010000000110100110001101001011110101000001110101001110101000100101010110110111010010010011110001100111010111100000001111111110110000001110011100000100010010010011110111110000111000110110111010111000101111100111110100011110001001110011100110010101110010100011010010101111110011110110010011100001011101101100100000111011010000100011011101100011011010101001000011000000100111111101010001000001110011011100010001010011100001110100111010100110011011001011011110001100100001000000
01110000011001011000110000101011100100110111111101010101010011000000110010111100011101110001011111011011010011011100001100000101010000010110011111011010101011010110010101101110011100001010000010100011100010010111100010001111010101111001100000001111101111111000100100010001111101011111010001000101000000111001101000110011011100011110011110100110001011001011000010101101001001010111010010101101010110011010001000111000000111101011101000101001101011011001111100100011001100011111100111000110001110001001111011111100011111010100100000101010011010111100000100010011000010111010110101100111000110011110001011001101101101110000000110111010000100100111000011110110111011111111100110001110100000010000011100010111010111011111011001001000101010100001111001100000100111010001000001100100010010011001101111010011
11100101111110011011101110111111111111110101101011101110110101000101001001001011001101110001001010000101010101101111101011000100000110110100010010101100100101100000011001100110011101110110110011111011010010110011001001000000000010110101000011110010001111100110000000001000011111010100000110011011101111111111001101110111101100011111101001100101110010110100011100111111010000110010011001000010000011010000001011100010000110001001000000000011111000101111001011000101110111010011010111110101101000001011010001011001001101000011111100001111010111111011110010101100011010001110000100101001101010010111000111101010100101111101000110010001001001011110010101001010101100001001001100011111111101100100001100010110001111111100101101101101100010100100000110001001110001110010000010000000111000110000001101011111
10001111000111100111011111011100011010000001100011101010101000111111001100000011100100000010100001110100100100100001110011111010100111101000101000100001110101111101100010010101110001110001011101111100101001100000011100110000111010110100011111111011010001001001011011101101001010110000101110011100111111000110001011001100100111101001100001011000000100110100101111010110111110111000001101010010101010100001110111100111010000010110010101010110010101100110001011011000100011101001001100101011010000110010100001101011100110101011011100010001000100000011010011101100001001000101001010001010111011100011100100010011000000101111111001000111011111100000101011001001000100000001111001101000001111111111100011101010001100101001100100110111111100011110000110011111010111101011111110111011101101000010010100111101
01110000011001011000110000101011100100110111111101010101010011000000110010111100011101110001011111011011010011011100001100000101010000010110011111011010101011010110010101101110011100001010000010100011100010010111100010001111010101111001100000001111101111111000100100010001111101011111010001000101000000111001101000110011011100011110011110100110001011001011010010101101001001010111010010101101010110011010001000111000000111101011101000101001101011011001111100100011001100011111100111000110001110001001111011111100011111010100100000101010011010111100000100010011000010111010110101100111000110011110001011001101101101110000000110111010000100100111000011110110111011111111100110001110100000000000011100010111010111011111011001001010101010100001111001100000100111010001000001100100010010011001101111010011
01110000011001011000110000101011100100110111111101010101010011000000110010111100011101110001011111011011010011011100001100000111010000010110011111011010101011010110010101101110011100001010000010100011100010010111100010001111010101111001100000001111101111111000100100010001111101011111010001000111000000111001101000110011011100011110011110100110001011001011010010101101001001010111010010101101010110011010001000111000000111101011101000101001101011011001111100100011001100011111100111000110001100001001111011111100011111010100100000101010011010111100000100010011000010111010110101100111000100011110001011001101101101110000000110111010000100100111000011110110111011111111100110001110100000000000011100010111010111011111011001001010100010100001111001100000100111010001000001100100010010011001101111010011
10001111100110100111001111010100011011001000000010101010101100111111001101000011100010001110100000100100101100100011110011111000101111101001100000100101010100101001101010010001100011110101111101011100011101101000011101110000101010000110011111110000010000000111011011101110000010100000101110111010111111000110010111001100100011100001100001011001110100110100111101010010110110101000101101010010101001100101110111000111111000010100010111010110010100100110000011011100110011100000011000111001110011110110000100000011100000101011011111010101100101000011111011101100111101000101001010011000111011100001110100110010010010001111111001000101111011011000111100001001000100000000011001110001011111101111100011101000101000100000100110110111010101011110000110011111011000101110111110011011101101100110010000101100
01110000011001011000110000101011100100110111111101010101010011000000110010011100011101110001011111011011010011011100001100000111010000010110011111011010101011010110010101101110011100001010000010100011100010010111100010001111011101111000100000001111101111111000100100010000111101011111010001000101000000111001101000110011011100011110011110100110001011001010000010101101001001010111010010101101010110011010001000111000000111101011101000101001101011011001111100100011001000011111100111000110001100001001111011111100011111010100100000101010011010111100100100010011000110111010110101100111000110011110001011001101101101110000000110111010000100100110000011110110111011111111100110000110100000010000011100010111010111011111011001001000101010100001111001100000100111010001000001100100010010111001101111010011
01110000011001011000110000101011100101110111111101010101010111000000110010011100011101110001011111011011010011011100001100000111010000010110011111011010101011010110010101101110011100001010000010100011100010010111100000001111011101111000100000001111101110111000100100000000111101011111010001000101000000111001101000110011011100011110011110100110001011001010000010101101001001010111010010101101010110011010001000111000000111101011101000101001101011011001111100100011001000011111100111000110001100001001111011111100011111010100100000101010011010111100100100010011000110111010110101100111000100011110001011001101101101110000000110111010000100100111000011110110111011111111100110000110100000010000011100010111010111011111011001001000101010100001111001100000100111010001000001100100010010111001101111010011
10001111100110100111001111010100011010001000000010101010101100111111001101100011100010001110100000100100101100100011110011111000101111101001100000100101010100101001101010010001100011110101111101011100011101101000011101110000100010000111011111110000010000000111011011111111000010100000101110111010111111000110010111001100100011100001100001011001110100110101111101010010110110101000101101010010101001100101110111000111111000010100010111010110010100100110000011011100110011100000011000111001110011110110000100000011100000101011011111010101100101000011011011101100111001000101001010011000111011100001110100110010010010001111111001000101111011011000111100001001000100000000011001111001011111101111100011101000101000100000100110110111010101011110000110011111011000101110111110011011101101000110010000101100
10001001101010001101000001001000010101001000000111110001111100100110000110011001100010011110100000100010111001100001110101011000100111101101110010101011101111000001100010101010000100010100001011011100111010011100010100011100111010010000111001010100000011011111111111011011010000010001101111011010110010001100111111100000001110101001001001011010110111110001100101001110011110111110110111101110101110001011010111001011010101011011110110000111101001011110111011011000110101101011001110101100110010001010100111010001000101111111011000010011000001101111000011001100100001011101011000000010101111000000110100100010111110000110101110001111111011100100011111000001000010011100100100001001111111011110100101000000100001110000100010110000001101111111010010011111000111110100111010101000000111100101010010101001
00011010010010110010010100000100000111111000110000011101100011111010111011100110100011000100111100111100101010011111010110110101111001110100001101000010000000011110110011000001101011101010101100000100000011011100111011110111010101000111010110101001111100001000001110100100100000101110011000100101011100010110100100001110010011000001000100001010101101101111110011100011111100001110100100110101110100101101000010010011101011100100010100101000000101101010100000111110001100001110011000011011010101110100111100110110101000001010101111111111111100010110011111100011111110011100110010111001010100101011011000010100010111100001111101100100101100111011100000110011011100000011011011101010100101011001101110111101011001000011010111011101010101010110100001110110001000101111001001001011110110001101000000000100
10100101111110101111101101101111111101000011101011100001111100000101000100011001001110111001011001000110010000100010101011100000100111011101010000101000101111100001001100111110011101010100010001111010110010110101001101100001001010110100011001010000001110011110110001001000011111000011100011010111100111011100001111110001101100111111111001011001110010110100001010111110001010110001010111001010101001001000101101101000001110011000101000011111110000000001001111100001100011111011101111101100001000001111000111001001000101000111010000001000001011100001110110001100011011101010001101011100101101010000001110001001101100011100100010010011011110000100101111011100100010011100100101010111111100110111011000000010101110110110001100100011101110101101011110001011000101011101100100110100100001110011011110111011
10110110111110000111100001010110101100001111001111000111110110000101001101001001000011111100010001000011111100100001111001010000101111011101010101101010100111100001010101111110010100110110010011111010110110010001011101010001101010110100100001110000001010011111111001000100011000000101000001011111100111101101101111110011101100001111111001010101110000010010001110010010011110011000010110101010101000000011110011101000000111011000101010001111101011001000001100101001100111011011111011110111000001001010000111010001000001010001110000101001010011100011110010001000010101011000010101011100101001010010111100001011101101001111010010011011111111000010111111011100110010110100000101010111111100001111010000100010111111110110010100100111100111101100000001101011100110111010110000100000110100101010011110101001
11110101111110000111100001010100111110001111001111100010110111000101000100001001001110111001001011000110011100100011011001010010001110011101000101101000000101100000011101111110010110110110010011111010110110010001001101110000101010110100100001010010001010001111111000000100011100000101000111111111011111101101011011110011101110111111101001011101011010010100001010010011001110111001000101001010001001010010101011101000100110011000111000011011110000110000000101100001100111001011010001010101000001001000000111000001000001011101100000101001101011110011110110001000011001110000000101001010101000010011011111001010111101001110010010011011011111010000111111011100110110101100000101010001111100101110001110000010111110111110011100100011110110101000000101001011100110111110110100111010111000100010011100111001
01110000011001011000110000101011100100110111111101010101010011000000110010111100011101110001011111011011010011011100001100000111010000010110011111011010101011010110010101101110011100001010000010100011100010010111100000001111011101111000100000001111101111111000110100010000111101011111010001000111000000111001101000110011011100011110011110100110001011001010010010101101001000010111010010101101010111111010001000111000000111101011101000101001101011011001111100100011001100010111100111000110001000001001111011111100011111010100100000101010011010111100000100010011000110111010110101100111000110011110001011001101101101100100000110111010000100100110000011110110111011111111100110000110100000000100011100010111010111011111011001001010100010100001111001100000100111110001000001100100010010011001101111010011
10001111100110100111001111010100011010001000000010101010101100111111001101000011100010001110100000100100101100100011110011111010101111101001100000100101010100101001101010010001100011110101111101011100011101101000011101110000101010000110011111110000010000000111011011111110000010100000101110111010111111000110010111001100100011100001100001011001110100110100101101010010110110101000101101010010101001100101110111000111111000010100010111010110010100100110000011011100110111100000011000111001110001110110000100000011100000101011011111010101100101000011111011101100111101000101001010011000111001100001110100110010010010001111111001000101111011011000111100001001000100000000011001110001011111111111100011101000101000100000100110110111010101011110000110011111011000101110111110011011101101100110010000101100
10001111100110100111001111010100011010001000000010101010101100111111001101100011100010001110100000100100101100100011110011111000101111101001100000100101010100101001101010010001100011110101111101011100011101101000011111110000100010000111011111110000010001000111011011111111000010100000101110111010111111000110010111001100100011100001100001011001110100110101111101010010110110101000101101010010101001100101110111000111111000010100010111010110010100100110000011011100110111100000011000111001110011110110000100000011100000101011011111010101100101000011011011101100111001000101001010011000111011100001110100110010010010001111111001000101111011011000111100001001000100000000011001111001011111101111100011101000101000100000100110110111010101011110000110011111011000101110111110011011101101000110010000101100
10100101111110101011010100101111011110100011101011101011111100001100010111010011011110111001001111000100010101100010000011001000000111111100010100100000001100100101011000010111011100000001010011111011111010000001001101100000001010010100111010010010011111101111110001011000111111010101100111011111000111011000011101110000101100101011101101110100110100100110011000111110001110110111100001011010101001000101001101110101001100011001100000001011100010111101011011111001111011100011100101100100000000001111000100001000000101100110111000000000001011101010111010001100011011111110001110111100101101010101000111100010111000111100000010011000011001000100110111001000011010111100110100011111111101001110000101010000001101111000011000100111111110101100010100000111000011010000010110100011110111100110011100011110
01110010110110011000110000101011101101111111111100010101010111000000110010111100011011110001011110001011010011011110001100000101111010010111011111011110001011010110010101101110011110001010100010100011000010010100100011000111000101101011100000001110101110110000100100000001110101011111010001100111001001111001111100110011011000000110111110100111111011001011010010101101000000010111110010101101010101011010001000011000101111101001101000101001100010011001110100100011011100010110110011010110101110001001011011111100011011010100110011101010011010111100001100010011000010111010110101111101000100011110011111001101101101110000000110010000100000000111000100110110111001111111000111010110100000000000011100010111010111011111011001001000100010100001101001101000101000010101000001000100110010011001101011010010
01110000011001011000110000101011100101110111111101010101010011000000110010011100011101110001011111011011010011011100001100000111010000010110011111011010101011010110010101101110011100001010000010100011100010010111100000001111011101111000100000001111101111111000100100000000111101011111010001000101000000111001101000110011011100011110011110100110001011001010000010101101001001010111010010101101010110011010001000111000000111101011101000101001101011011001111100100011001000011111100111000110001100001001111011111100011111010100100000101010011010111100100100010011000110111010110101100111000110011110001011001101101101110000000110111010000100100111000011110110111011111111100110000110100000010000011100010111010111011111011001001000101010100001111001100000100111010001000001100100010010111001101111010011
01110000011001011000110000101011100101110111111101010101010011000000110010011100111101110001011111011011010011011100001100000111010000010110011111011010101011010110010101101110011100001010000010100011100010010111100000001111011101111000100000001111101111111000100100000000111101011111010001000101000000111001101000110011011100011110011110100110001011001011000010101101001001010111010010101101010110011010001000111000000111101011101000101001101011011001111100100011001100011111100111000110001100001001111011111100011111010100100000101010011010111100100100010011000110111010110101100111000100011110001011001101101101100000000110111010000100100111000011110110111011111111100110000110100000010100011100010111010111011111011001001000101010100001111001100000100111110001000001100100010010111001101111010011
01110010110010011000110000101011101101111111111100010101010111000000110010111100011011110001011110001011010011011110001100000101111010010111011111011110001011010110010101101110011110001010100010100011000010010100100011000111000101101011100000001110101110110000100100000001110101011111010001100111001001111001111100110011011000000110111110100111111011001011010010101101000000010111110010101101010101011010001000011000101111101001101000101001100010011001110100100011011100010110110011010110101110001001011011111100011011010100110011101010011010111100001100010011000010111010110101111101000100011110001111001101101101110000000110010000100000000111000100110110111001111111000111010110100000000000011100010111010111011111011001001000100010100001101001101000101000010101000001000100110010011001101011010010
01110000011001011000110000101011100100110111111101010101010011000000110010111100011101110001011111011011010011011100001100000101010000010110011111011010101011010110010101101110011100001010000010100011100010010111100010001111010101111001100000001111101111111000100100010001111101011111010001000101000000111001101000110011011100011110011110100110001011001011010010101101001001010111010010101101010110011010001000111000000111101011101000101001101011011001111100100011001100011111100111000110001110001001111011111100011111010100100000101010011010111100000100010011000010111010110101100111000100011110001011001101101101110000000110111010000100100110000011110110111011111111100110001110100000000000011100010111010111011111011001001010101010100001111001100000100111010001000001100100010010011001101111010011
10001111100110100111001111010100011010001000000010101010101000111111001101100011100010001110100000100100101100100011110011111000101111101001100000100101010100101001101010010001100011110101111101011100011101101000011101110000100010000111011111110000010001000111011011111111000010100000101110111010111111000110010111001100100011100001100001011001110100110101111101010010110110101000101101010010101001100101110111000111111000010100010111010110010100100110000011011100110111100000011000111001110011110110000100000011100000101011011111010101100101000011011011101100111001000101001010011000111011100001110100110010010010001111111001000101111011011000111100001001000100000000011001111001011111101111100011101000101000100000100110110111010101011110000110011111011000101110111110011011101101000110010000101100
01000111100111110101101011110110011010001110000011101110110010001111101101001011000100010000000000100100001110100011110011111010000110111001100000000101010101100001101000010101011111110001011110010100001101101001001000111000100010000101011101110011001110010010000001111111011010101000111110111110111010100100001111000110100111101000100010000001010110110101011101011010111111101000001101000010101001010101110111001111010111100010010110010110001100100111101011011101100110001011001000110001110110100000000000110011110010100001001101010111101101010011110001101100101001000111011010111000111011100001110000000011011000000010110001010111011111011000111000001011000100101001011001111001010111101010101011101000101000101011110100110100000111011110010110100010110011111011010110111011111110100010101110001111
01110000011001011000110000101011100100110111111101010101010011000000110010111100011101110001011111011011010011011100001100000111010000010110011111011010101011010110010101101110011100001010000010100011100010010111100010001111010101111001100000001111101111111000100100010001111101011111010001000101000000111001101000110011011100011110011110100110001011001011010010101101001001010111010010101101010110011010001000111000000111101011101000101001101011011001111100100011001000011111100111000110001100001001111011111100011111010100100000101010011010111100000100010011000010111010110101100111000100011110001011001101101101110000000110111010000100100110000011110110111011111111100110001110100000000000011100010111010111011111011001001010101010100001111001100000100111010001000001100100010010011001101111010011
10001111100110100111001111010100011010001000000010101010101100111111001101100011000010001110100000100100101100100011110011111000101111101001100000100101010100101001101010010001100011110101111101011100011101101000011111110000100010000111011111110000010000000111011011111111000010100000101110111010111111000110010111001100100011100001100001011001110100110100111101010010110110101000101101010010101001100101110111000111111000010100010111010110010100100110000011011100110011100000011000111001110011110110000100000011100000101011011111010101100101000011011011101100111001000101001010011000111011100001110100110010010010011111111001000101111011011001111100001001000100000000011001111001011111101011100011101000101000100000100110110111010101011110000110011111011000001110111110011011101101000110010000101100
01011010000001010000010010010000000010111100010100011110100011111010111011100110110001000110100010111001001011011101010100011111011000100010101111011111010000011110110011001001100010001011101110000101000101001010110010011110110101011011100110101111110001101001001110110111100000101100011100001000011000100011110000001111000011010000000010100110001101001011110101000001110101001110101101100101010110110111010010010111110001100111010111100000011101111110110010001110011100001100000010010011110111110000111000110110111010111000101111110111110100011110001101110011100100010101110011100011010000101111100001110110000011100011011101101100100001111011010000100011010101100011011010101001000011001000101111111101010001001001110011011100010001010011100001110100111010100010011011001011011110001100100001000000
01110000011001011000110000101011100100110111111101010101010011000000110010111100011101110001011111011011010011011100001100000111010000010110011111011010101011010110010101101110011100001010000010100011100010010111100010001111010101111001100000001111101111111000100100010001111101011111010001000101000000111001101000110011011100011110011110100110001011001011010010101101001001010111010010101101010110011010001000111000000111101011101000101001101011011001111100100011001100011111100111000110001100001001111011111100011111010100100000101010011010111100000100010011000010111010110101100111000100011110001011001101101101110000000110111010000100100110000011110110111011111111100110001110100000000000011100010111010111011111011001001010101010100001111001100000100111010001000001100100010010011001101111010011
10111000011000001010010000001001100101110001111100010001001101110000010010110100111011101111111111011011110001011100001100000101111001000110011111111010101010011110010111101010100000001110100001101011110010011110110111000111011101111010100010001100110001101101111110000000100101010111000001000001000101011011110000111001011000010111011101111110101001001010100010100101000000010111110010111101010110101010001000110000101000011101101001101001110011011000010100100010011001110100110111001110001001011111111111001100001101011110110010101000010010101100001110010011010110111000100101000111000100011110001111111100100111111101001110101000100000100111000111110100111011010110100110000110101000010101010100010111010111010100001011001011111000100001101001011101001100100100101001000100000001011101010001110000
10001111100110100111001111010100011010001000000010101010101100111111001101000011100010001110100000100100101100100011110011111010101111101001100000100101010100101001101010010001100011110101111101011100011101101000011101110000101010000110011111110000010000000111011011111110000010100000101110111010111111000110010111001100100011100001100001011001110100110100101101010010110110101000101101010010101001100101110111000111111000010100010111010110010100100110000011011100110011100000011000111001110001110110000100000011100000101011011111010101100101000011111011101100111101000101001010011000111001100001110100110010010010001111111001000101111011011000111100001001000100000000011001110001011111111111100011101000101000100000100110110111010101011110000110011111011000101110111110011011101101100110010000101100
01110010110010011000110000101011101101110111111100010101010111000000110010111100011011111001011110001011010011011110001100000101110000010111010111011010001011010110010101101110011110001010100010100011100010010111101011000111000101101011100000001110101110111100100100000001110101011111010001100111000001111001111100110011011000010110111111100111011011001010010010101101000000010111110010101101010101011010001000011000101111101001101000101001100010011001010100100011011100010110110011010110101110001001011011111100011011010100100011101010011010111100001100010011000110111010110101111101000100011110001111001100101101110000000110011000100000000111000100110110111001111110000111010110110000000000011100010111010111011111011001001010100010100001111001100000100000010101000001000100010010111001101111010010
00010010010001110100111001010010001001111001010100011111000000111011110101110110110011000110110100111010101010010100111110110101011000101010101111011111000011001111100010001000100111101011101100000100101111111000110010000111100101001011010101101101110100010011001111110111000000101010111000100100110000100001100000001101110011000000010110110010101001001001101011000000110001101110011110100101110110111100110110001001110001101111001111101100001111001100100100011110000100011100111010010010111111110010111110100110011110101010010011110111110100010100100101110011111110011000110001100101010010101110111000010101000011000011111001100110100010110011001000100011110000110011011011100101000000010001111010101101110001000011110111011100001001000010100001110100101000100111011001000111001000011100100011000000
10001101001101100111001111010100010010001000000011101010101000111111001101000011100100000110100001110100101100100001110011111010001111101000101000100101110100101001101010010001100001110101011101011100011101101000011100111000111010010100011111110001010001000011011011111110001010100000101110011000111110000110000011001100100111101001000000011000100100110101101101010010111111101000001101010010101010100101110111100111010000010110010111010110011101100110101011011100100011101001001100101001010001110110100100000011100100101011011100010101100101000011110011101100111001000101001010000010111011100001110000110011010010001111111001100111011111111000111011001001000110000001111000101001001111111111100011101000101000100000100110110101011101011110000110011111011111101010111110111011101101000110010100101101
11100101101110011010100010110111111110100111101111100100110101000111001100001101001101111001000010000100010101100011111001000000000010111100011110101000100101100000010101101110011100110110110011111011010010110111001001000000000010110101000001110010001111101110100000011110011111010101000111011111101111111111001111110011011100011111101001000101100010110100011100111111000110110010011000000010001011011010001011100010000110001011000000010011111000000011001101100001110110010011010111100111100000001001010001001001001101000000111100101011010011110011110010001100011001111111000101101001101011010001001111001010101101111100000110010001001001001110110111011010100010101100101101011111101100100111001100010010001110111100011100100111100010100100000100001001110111110011000110000100111100110010011101111001
01011010000001010000010010010010000010111100010100011110000011111010111011100110110001000110110010111011101011011101010100011111011000100010101111011111010000011110110011001001100010101011101110000101001101001010110010011110110101001011100110101111110001110001001110110111100000111100011000101000011000100011100000001111010011010000000110100110001101001011110101000001110101001110101000100101010110110111010010010011110001100111010111100000001111111110110000001110011100000100010010010011110111110000111000110110111010111000101111100111110100011110001101110011100110010101110010100011010010101111110011110110010011100001011101100100100000111011010000100011011101100011011010101001000011000000100111111101010001000001110011011100010001010011100001110100111010100110011011001011011110001100100001000000
01100000111110011011111010110111111111110100001011000010110111001101011011001101000101110101010010110101010101101011001011000101010000110100000001001100000100000000011011111110001111010110110011111011010010100111000001000000000010010111001011110010001111100110000000000010111111010100001110011011101111111110010111100111111100010111101001000101110010110100011000111111010001000010001001000011001011110000001010010010000110001011010000010011111100101111100001100100110101010111010101000101110101001001010001010000101001000011111100011011110011011010110010010100111110010110000101101001001010010011010011101010110111111101000110110001001000011110010101100010101011101101001100011111110101101100001100110110011010011111001101111101110010101100100110001011110001010011000001000000111000010001001101010110
01110000011001011000110000101011100101110111111101010101010111000000110010011100011101110001011111011011010011011100001100000111010000010110011111011010101011010110010101101110011100001010000010100011100010010111100000001111011101111000100000001111101110111000100100000000111101011111010001000101000000111001101000110011011100011110011110100110001011001010000010101101001001010111010010101101010110011010001000111000000111101011101000101001101011011001111100100011001000011111100111000110001100001001111011111100011111010100100000101010011010111100100100010011000110111010110101100111000100011110001011001101101101110000000110111010000100100111000011110110111011111111100110000110100000010000011100010111010111011111011001001000101010100001111001100000100111010001000001100100010010111001101111010011
10001111100110100111001111010100011011011000000010101010101100111111001101000011100010001110100000100100101100100011110011111000101111101001100000100101010100101001101010010001100011110101111101011100011101101000011111110000100010000111011111110000010000000111001011101111000010100000101110111000111111000110010111001100100011100001100001011001110100110101111101010010110111101000101101010010101001100101110111000111111000010100010111010110010100100110000011011100110011100000011000111001110111110110000100000011100000101011011111010101100101000011111011101100111001000101001010111000111001100001110100110010010010011011111001000101111011011000111100001001000100000000011001111001011111111011100011101000101000100000100110110101011101011110000110011111011000001110111110011011101101100110010000001100
11101101101110001011101110101101110110000110101011100000111101000100001010001001101100111001001011000101010101101011000001001010100111010001010000100000101100110000011101110111011000010100010011111011010000100111001101101000011010110100101010010010001111101100010000001000111111010101000111011011001111011110011111110010001100111111101001001101010110110100010100111110001110100011000001011010001001001011001001110110001110010000110000010011010000110011011111100001111011100011000101101101000000001101000101011001100101000101101000001000001011101011011010001100010001100110001110011010101101010001100111100010111100111100000110011001011001001100110111011100001011011100100100011110111111101110000101010010001110111100101000100011110110111101011110001011010111010000100110110000110111110011011100111111
01011010000001010000010010010010000010111100010100011110000011111010111011100110110001000110110010111011101011011101010100011111011000100010101111011111010000011110110011001001100010101011101110000101001101001010110010011110110101001011100110101111110001110001001110110111100000111100011000101000011000100011100000001111010011010000000110100110001101001011110101000001110101001110101000100101010110110111010010010011110001100111010111100000001111111110110000001110011100000100010010010011110111110000111000110110111010111000101111100111110100011110001101110011100110010101110010100011010010101111110011110110010011100001011101101100100000111011010000100011011101100011011010101001000011000000100111111101010001000001110011011100010001010011100001110100111010100110011011001011011110001100100001000000
10001111100110100111001111010100011010001000000010101010101100111111001101100011000010001110100000100100101100100011110011111000101111101001100000100101010100101001101010010001100011110101111101011100011101101000011111110000100010000111011111110000010001000111011011111111000010100000101110111010111111000110010111001100100011100001100001011001110100110100111101010010110110101000101101010010101001100101110111000111111000010100010111010110010100100110000011011100110111100000011000111001110011110110000100000011100000101011011111010101100101000011011011101100111001000101001010011000111011100001110100110010010010011111111001000101111011011000111100001001000100000000011001111001011111101011100011101000101000100000100110110111010101011110000110011111011000001110111110011011101101000110010000101100
10001111100110100111001111010100011011001000000010101010101100111111001101100011100010001110100000100100101100100011110011111000101111101001100000100101010100101001101010010001100011110101111101011100011101101000011101110000100010000111011111110000010001000111011011101111000010100000101110111010111111000110010111001100100011100001100001011001110100110101111101010010110110101000101101010010101001100101110111000111111000010100010111010110010100100110000011011100110011100000011000111001110011110110000100000011100000101011011111010101100101000011011011101100111001000101001010011000111011100001110100110010010010001111111001000101111011011000111100001001000100000000011001111001011111101111100011101000101000100000100110110111010101011110000110011111011000101110111110011011101101000110010000101100
10100111001110001011101110111110111100000011101000001010110001101101001000001001101100110010000010010101010100101101000011101110110111100001110000000100110100100001011000010111011000110010110010110011011001100111000101101000110011110111001110110010001111000011010000001001011110010000100000001010001101111111000011011101101001110101111011110001110010110000010100011110101010110001011001000010010010110000101111100111001110000011000101010111011000000111001111000111110011110011001101111101111000001011010011111001101110000001101100000100010111101011100000100100011001000111001110111100111011001000100010111011110001110101100010010001011111001000101101101010000101000001101010101111010111100110011110000011000110101101101101110011100010100111010110001000110111011010100110110000011101110010000101011111
00001111100001110110011100000011000011011000010000011110000000111011110001110100010010000010101111111010001010110101010110111001111110101010101110010111011010111111101010000101101011101001001100000101001001111001111010111101110101001011011110001111110110000000001111110001000001101010111110100100111000010000100010001100100011100000000100100010110100101001110101001000110111100110101111011100110100111100110110001110111001110100110111111100010100111100110010011100001000101100001000010000011111110010101100101010111110101011011111010110110100001100001101001011111110010100011010000010010110101110110000110001010010110000111101100110100011100011001000000011001101100001011010101000010011011010110010101101001001101001100011111000111001010010100010110110011000000111011011111111001111001000100000000100
10001111100110100111001111010100011010001000000010101010101100111111001101000011100010001110100000100100101100100011110011111010101111101001100000100101010100101001101010010001100011110101111101011100011101101000011101110000101010000110011111110000010000000111011011111110000010100000101110111010111111000110010111001100100011100001100001011001110100110100101101010010110110101000101101010010101001100101110111000111111000010100010111010110010100100110000011011100110011100000011000111001110001110110000100000011100000101011011111010101100101000011111011101100111101000101001010011000111011100001110100110010010010001111111001000101111011011000111100001001000100000000011001110001011111111111100011101000101000100000100110110111010101011110000110011111011000101110111110011011101101100110010000101100
01110000111111011001110111110111111100101101001111100100110101000101001101001011101101111001001010000101110100100011111001000000000110111100000100101000100101100001000001101110011110110110110011111011110110100100001001110010001010110100000001110000001001111110001001001100011000000101000111011111100111111111101111110111111110011111100011010101010011010110001010110001010100010000010100100010001011011001001111111000000110001001011000011011101011100011000101100001110111010011110001110101110001001101010011000001001001000000110000101001001011110011110110001000011101011111000101111101101000010011001111001010101101000100010010010101011101011010110111011100110110000100000101010111111100101101001100010010101111010110011100100111000010101100001101001011100101110010010100100100110100100110001101111001
11100101111110001001101001111100111110000111101011100000111100000100000110011001101100111011001010000101010101100010001001001110000111010001010000100000101111110001001000101111011100010100010011111011111000100110000101111000001010110100101000010010000001101010110000011011010110010001100111011010101011001111011111110011001100111111101001011111011010010100000100011101001001010011010001001010011011011000101101110100001100010011111110000111100010100110001111000001111011110011100001101101100010001101010011011001111101110101110000001100001011100011100110001100000001101011001100011010101001001000001111101010111000010110000110011001010111001100111111001100100010001100100101010110111110110110000101010010100110111100101000100011101010101111011111001001010111010000100110110100101001110011111111111011
01110000011001011000110000101011100100110111111101010101010011000000110010111100011101110001011111011011010011011100001100000111010000010110011111011010101011010110010101101110011100001010000010100011100010010111100010001111010101111001100000001111101111111000100100010001111101011111010001000101000000111001101000110011011100011110011110100110001011001011010010101101001001010111010010101101010110011010001000111000000111101011101000101001101011011001111100100011001000011111100111000110001100001001111011111100011111010100100000101010011010111100000100010011000010111010110101100111000100011110001011001101101101110000000110111010000100100111000011110110111011111111100110001110100000000000011100010111010111011111011001001010101010100001111001100000100111010001000001100100010010011001101111010011
10100111001110001011101110111110111100000011101001001010110001101101001000001001101100110010000010010101010100101101000011101110110111100001110000000100110100100001011000010111011000110010110010110011011001100111000101101000110011110111001110110010001111000011010000001001011110010000100000001010001101111111000011011101101001110101111011110001110010110000010100011110101010110001011001000010010010110000101111100111000110000011000101010111011000000111001111000111110011110011001101111101111000001011010011111001101110000001101100000100010111101011100000100100011001000111001110111100111011001000100010101011110001110101100010010001011111001000101101101010000101000001101010101111010111100110011110000011000110101101101101110011100010100111010110001000110111011010100110110000011101110010000101011111
10001111000000100110001000001000000011010010110000011011001010111010110010110100010010000110110101111010001011011100000110111111111001000011111011010110011010011110111110010001100001001001001100000100001001011011110110001101110101001011111110001111110110000001110110110011100111111010111000100000011000000000010000001000000001100000011100101010101100101001110101001110101011101111101011011101110100100110110000000111111001110110100111100100010100011100111010011110001000101100001110001010001110110010101100111110110110111111001011010110110100001100001001110111100010100000111010000010010111101100110000110101010010111011101101101010100010100101001000100011001001111011111010101000010011010010110011101101010000101001100011011000111101010011110010111100011010001101101011011011001011011001110010000010
10100111001110001011101110111110111100000011101000001010110001101101001000001001101100110010000010010101010100101101100011101110110111100001110000000100110100100001011000010111011000110010110010110011011001100111000101101000110011110111001110110010001111000011010000001001011110010000100000001010001101111111000011011101101001110101111011110001110010110000010100011110101010110001011001000010010010110000100111100111001110000011000101010111011000000111001111000111110011110011001101111101111000001011010011111001101110000001101100000100010111101011100000100100011001000111001110111100111011001000100010101011110001110111100010010001011111001000101101101010000101000001101010101111010111100110011110000011000110101101101101110011100010100110010110001000110111011010100110110000011101110010000101011111
01110000011001011000110000101011100100110111111101010101010011000000110010111100011101110001011111011011010011011100001100000101010000010110011111011010101011010110010101101110011100001010000010100011100010010111100010001111010101111001100000001111101111111000100100010001111101011111010001000101000000111001101000110011011100011110011110100110001011001011000010101101001001010111010010101101010110011010001000111000000111101011101000101001101011011001111100100011001100011111100111000110001110001001111011111100011111010100100000101010011010111100000100010011000010111010110101100111000110011110001011001101101101110000000110111010000100100111000011110110111011111111100110001110100000010000011100010111010111011111011001001000101010100001111001100000100111010001000001100100010010011001101111010011
10001111100110100111001111010100011011001000000010101010101100111111001101000011100010001110100000100100101100100011110011111000101111101001100000100101010100101001101010010001100011110101111101011100011101101000011101110000101010000110011111110000010000000111011011101110000010100000101110111000111111000110010111001100100011100001100001011001110100110100101101010010110110101000101101010010101001100101110111000111111000010100010111010110010100100110000011011100110011100000011000111001110011110110000100000011100000101011011111010101100101000011111011101100111101000101001010011000111001100001110100110010010010001111111001000101111011011001111100001001000100000000011001110001011111111111100011101000101000100000100110110111011101011110000110011111011000101110111110011011101101100110010000101100
01011010000001010000010010010010000010111100010100011110000011111010111011100110110001000110110010111011101011011101010100011111011000100010101111011111010000011110110011001001100010101011101110000101001101001010110010011110110101001011100110101111110001110001001110110111100000111100011000101000011000100011100000001111010011010000000110100110001101001011110101000001110101001110101000100101010110110111010010010011110001100111010111100000001111111110110000001110011100000100010010010011110111110000111000110110111010111000101111100111110100011110001001110011100110010101110010100011010010101111110011110110010011100001011101101100100000111011010000100011011101100011011010101001000011000000100111111101010001000001110011011100010001010011100001110100111010100110011011001011011110001100100001000000
00011010000001100101011101001000000001011000010000011011001110111000110011110110110010000110111101111011101010011100000110111111111101000011100001010111011010011111101010010001100011001001001100000100101101001000110110111111111101001010111110001101110000010001011111100001100000101010111000100000010000000000110000001100100011100000010110111010011101001011100011000000111001001101100111111101110100100101110100011101111001110100111111101100000111111100110010011110001001101100101000011000011111110110101110110110110010111111000011010100101100001100001101110011100110000000111010010110010100101110110000110101010010000011111001101110110110110001001000100101011101010011010010100000010011011000110011101101110001000011100011011000011101011011111011110110001000001100111001111011000011001101100010000110
10010111000101110101101111110110011010001110000011101110000010001111001101000011010100010010000000100000101110100011110010111010001110111001100000100101010111101111101000010001111111110001111100110100101101101000011000111000100010000101010101110111000000010011000001111111010000101000111110111110111010100101001011000110100011101000100110011001010110110101001001010010111111111000001001010010101001110111110111000101010101100110010110011110001110100111101011011101100110001011001000111001110010110000000000110011010110100000001101000110101101010011110101101000101001000101011010011110111011100001110100000011011000000010110001010111010111011000111000001011000100001001011011111001010111100010100011101000101000101011110100100010110100001110010010110010110011101111111110101011101100100110101110001101
01110000011001011000110000101011100100110111111101010101010011000000110010111100011101110001011111011011010011011100001100000101010000010110011111011010101011010110010101101110011100001010000010100011100010010111100010001111010101111001100000001111101111111000100100010001111101011111010001000111000000111001101000110011011100011110011110100110001011001011010010101101001001010111010010101101010110011010001000111000000111101011101000101001101011011001111100100011001100011111100111000110001110001001111011111100011111010100100000101010011010111100000100010011000010111010110101100111000110011110001011001101101101110000000110111010000100100111000011110110111011111111100110001110100000000000011100010111010111011111011001001000100010100001111001100000100111010001000001100100010010011001101111010011
01110000011001011000110000101011100100110111111101010101010011000000110010111100011101110001011111011011010011011100001100000101010000010110011111011010101011010110010101101110011100001010000010100011100010010111100010001111010101111001100000001111101111111000100100010001111101011111010001000101000000111001101000110011011100011110011110100110001011001011010010101101001001010111010010101101010110011010001000111000000111101011101000101001101011011001111100100011001000011111100111000110001110001001111011111100011111010100100000101010011010111100000100010011000010111010110101100111000100011110001011001101101101110000000110111010000100100110000011110110111011111111100110001110100000000000011100010111010111011111011001001000101010100001111001100000100111010001000001100100010010011001101111010011
01110000011001011000110000101011100100110111111101010101010011000000110010111100011101110001011111011011010011011100001100000101010000010110011111011010101011010110010101101110011100001010000010100011100010010111100010001111010101111001100000001111101111111000100100010001111101011111010001000101000000111001101000110011011100011110011110100110001011001011000010101101001001010111010010101101010110011010001000111000000111101011101000101001101011011001111100100011001100011111100111000110001110001001111011111100011111010100100000101010011010111100000100010011000010111010110101100111000100011110001011001101101101110000000110111010000100100110000011110110111011111111100110001110100000010000011100010111010111011111011001001000101010100001111001100000100111010001000001100100010010011001101111010011
10001111100110100111001111010100011011001000000010101010101100111111001101000011100010001110100000100100101100100011110011111010101111101001100000100101010100101001101010010001100011110101111101011100011101101000011101110000101010000110011111110000010000000111011011101110000010100000101110111010111111000110010111001100100011100001100001011001110100110100111101010010110110101000101101010010101001100101110111000111111000010100010111010110010100100110000011011100110111100000011000111001110001110110000100000011100000101011011111010101100101000011111011101100111101000101001010011000111001100001110100110010010010001111111001000101111011011000111100001001000100000000011001110001011111101111100011101000101000100000100110110111010101011110000110011111011000101110111110011011101101100110010000101100
01110000111110001101110000101101101011000111001011010101011111000000000010111010011010111101011110001101000101011010101110100111010011010101010001011000101011110010001101101110000110011100000101001011110010110111101011000111000000100110100001010001001011011010000000000010010111010010011111110001100001111010010001110011011100010111110101001111011010001100000010101111000001000111110110001001011101011000101000001010100110101001111000101001110101011011000100100011001000011011110001101100101110011101011111110100011101010101000011111010011011110111000110010011000110111010110101111001100000011100011011001001111111010101010110010011110100010110001101010110110011011111000101000011111110010000001000010111101110010110001000001000111111100000111001001001001001010101101000010101100010111111101010010110
01110010110010011000110000101011101101111111111100010101010111000000110010111100011111110001011110001011010011011110001100000101110010010111011111011110001011010110010101101110011110001010100010100011000010010100100011000111000101101011100000001110101110111000100100000001110101011111010001100111001001111001111100110011011000000110111110100111111011001011010010101101000001010111110010101101010101011010001000011000101111101001101000101001100010011001110100100011011100010110110011010110101110001001011011111100011011010100110011101010011010111100001100010011000010111010110101111101000100011110001111001101100101110000000110011000100000000111000100110110111001111111000111010110100000000000011100010111010111011111011001001000100010100001101001101000101000010101000001000100110010011001101011010010
01011010000001110000010010010010000011111100110100011110100011111010111011100110110101000110100010111010101011011101010100111111011000100010101011010111011000011110100011001001100011101011101100000101001101001010110010011110110101001011100110101101110101100000001110110111100001111110011000101000011000100011100010001110010011010000000110100110000101001011110001000001110101001110101001110101010110110101010010010111111001100111011111100000000111111110110010011110011000000100010010010011111111110000111000110110111010111010111111010110100100011100001101110111100110000101110010000011010110101111000001110110000010100001111101100100100001111011010000100011001101100011011010101000000011001000100111111101010001001001010011011100010000010011100010110100111010100011001011001011011110001100100011000000
10001111100110100111001111010100011010001000000010101010101100111111001101000011100010001110100000100100101100100011110011111000101111101001100000100101010100101001101010010001100011110101111101011100011101101000011101110000101010000110011111110000010000000111011011111110000010100000101110111010111111000110010111001100100011100001100001011001110100110100101101010010110110101000101101010010101001100101110111000111111000010100010111010110010100100110000011011100110111100000011000111001110011110110000100000011100000101011011111010101100101000011111011101100111101000101001010011000111001100001110100110010010010001111111001000101111011011001111100001001000100000000011001110001011111111111100011101000101000100000100110110111010101011110000110011111011000101110111110011011101101100110010000101100
01110000011001011000110000101011100101110111111101010101010011000000110010011100011101110001011111011011010011011100001100000111010000010110011111011010101011010110010101101110011100001010000010100011100010010111100010001110011101111000100000001111101111111000100100000000111101011111010001000101000010111001101000110011011100011110011110100110001011001011000010101101001001010111010010101101010110011010001000111000000111101011101000101001101011011001111100100011001000011111100111000110001100001001111011111100011111010100100000101010011010111100100100010011000110111010110101100111000110011110001011001101101101110000000110111010000100100110000011110110111010111111100110000110100000010000011100010111010111011111011001001000101010100001111001100000100111010001000001100100010010111001101111010011
10001111100110100111001111010100011010001000000010101010101100111111001101100011100010001110100000100100101100100011110011111000101111101001100000100101010100101001101010010001100011110101111101011100011101101000011111110000100010000111011111110000010001000111011011111111000010100000101110111010111111000110010111001100100011100001100001011001110100110100111101010010110110101000101101010010101001100101110111000111111000010100010111010110010100100110000011011100110111100000011000111001110011110110000100000011100000101011011111010101100101000011011011101100111001000101001010011000111011100001110100110010010010001111111001000101111011011000111100001001000100000000011001111001011111101111100011101000101000100000100110110111010101011110000110011111011000101110111110011011101101000110010000101100
10001111100101100111001111010110011010010000100001100010100000111111001100000011000100000010100001100110101110100011110011111010101111101001101000100101010100111001101000010101110011110101111100010100101101101000011110111000111010010101011111111011010000000011011011111101010010110000101010111100111110100110001011001100100011101001100000011000010100110101100111011010111110101001001001010010101000100101110111100111010000110100010111010110000111100111101011011000100011001011001100111001010010110010100100100011100010101011001100010100101100000001111011101100111001000101011010011110111011100011110000010011000000000111110001010111011111001000101000001001000100000001111011101000000011111011100011101000001000101001110100110111111100011110010110110110110011101011110110111011101101000010000100001101
