01110000011001011000110000101011100100110111111101010101010011000000110010111100011101110001011111011011010011011100001100000111010000010110011111011010101011010110010101101110011100001010000010100011100010010111100010001111010101111001100000001111101111111000100100010001111101011111010001000101000000111001101000110011011100011110011110100110001011001011010010101101001001010111010010101101010110011010001000111000000111101011101000101001101011011001111100100011001000011111100111000110001100001001111011111100011111010100100000101010011010111100000100010011000010111010110101100111000100011110001011001101101101110000000110111010000100100111000011110110111011111111100110001110100000000000011100010111010111011111011001001000101010100001111001100000100111010001000001100100010010011001101111010011
10001111100110100111001111010100011010001000000010101010101100111111001101100011100010001110100000100100101100100011110011111000101111101001100000100101010100101001101010010001100011110101111101011100011101101000011111110000100010000111011111110000010001000111011011111111000010100000101110111010111111000110010111001100100011100001100001011001110100110101111101010010110110101000101101010010101001100101110111000111111000010100010111010110010100100110000011011100110011100000011000111001110011110110000100000011100000101011011111010101100101000011011011101100111001000101001010011000111001100001110100110010010010001111111001000101111011011000111100001001000100000000011001111001011111101111100011101000101000100000100110110111010101011110000110011111011000101110111110011011101101000110010000101100
10001111100110100111001111010100011011001000000010101010101100111111001101000011100010001110100000100100101100100011110011111000101111101001100000100101010100101001101010010001100011110101111101011100011101101000011111110000100010000111011111110000010000000111001011101111000010100000101110111000111111000110010111001100100011100001100001011001110100110101101101010010110111101000101101010010101001100101110111000111111000010100010111010110010100100110000011011100110011100000011000111001110111110110000100000011100000101011011111010101100101000011111011101100111001000101001010011000111011100001110100110010010010011011111001000101111011011000111100001001000100000000011001111001011111111011100011101000101000100000100110110101011101011110000110011111011000001110111110011011101101100110010000101100
01110000011001011000110000101011100100100111111101010101010011000000110010111100011101110001011111011011010011011100001100000111010000010110011111011010101011010110010101101110011100001010000010100011100010010111100000001111011101111000100000001111101111111000110100010001111101011111010001000111000000111001101000110011011100011110011110100110001011001010010010101101001000010111010010101101010111011010001000111000000111101011101000101001101011011001111100100011001100010111100111000110001000001001111011111100011111010100100000101010011010111100000100010011000110111010110101000111000110011110001011001101101101110000000110111010000100100110000011110110111011111111100110000110100000000100011100010111010111011111011001001010100010100001111001100000100111010001000001100100010010011001101111110011
01110000011001011000110000101011100101110111111101010101010011000000110010011100011101110001011111011011010011011100001100000111010000010110011111011010101011010110010101101110011100001010000010100011100010010111100010001111011101111000100000001111101110111000100100000000111101011111010001000101000000111001101000110011011100011110011110100110001011001010000010101101001001010111010010101101010110011010001000111000000111101011101000101001101011011001111100100011001000011111100111000110001100001001111011111100011111010100100000101010011010111100100100010011000110111010110101100111000110011110001011001101101101110000000110111010000100100111000011110110111011111111100110000110100000010000011100010111010111011111011001001000101010100001111001100000100111010001000001100100010010111001101111010011
01110000011001011000110000101011100101110111111101010101010011000000110010011100011101110001011111011011010011011100001100000111010000010110011111011010101011010110010101101110011100001010000010100011100010010111100000001111011101111000100000001111101111111000100100000000111101011111010001000101000000111001101000110011011100011110011110100110001011001010000010101101001001010111010010101101010110011010001000111000000111101011101000101001101011011001111100100011001100011111100111000110001100001001111011111100011111010100100000101010011010111100100100010011000110111010110101100111000110011110001011001101101101110000000110111010000100100110000011110110111011111111100110000110100000010000011100010111010111011111011001001000101010100001111001100000100111010001000001100100010010111001101111010011
10001111100110100111001111010100011011001000000010101010101100111111001101100011100010001110100000100100101100100011110011111000101111101001100000100101010100101001101010010001100011110101111101011100011101101000011101110000100010000111011111110000010000000111011011101111000010100000101110111010111111000110010111001100100011100001100001011001110100110101111101010010110110101000101101010010101001100101110111000111111000010100010111010110010100100110000011011100110011100000011000111001110011110110000100000011100000101011011111010101100101000011011011101100111001000101001010011000111011100001110100110010010010001111111001000101111011011001111100001001000100000000011001111001011111101111100011101000101000100000100110110111010101011110000110011111011000101110111110011011101101000110010000101100
10001111100110100111001111010100011011001000000010101010101100111111001101100011100010001110100000100100101100100011110011111000101111101001100000100101010100101001101010010001100011110101111101011100011101101000011111110000100010000111011111110000010000000111011011101111000010100000101110111010111111000110010111001100100011100001100001011001110100110101111101010010110110101000101101010010101001100101110111000111111000010100010111010110010100100110000011011100110111100000011000111001110011110110000100000011100000101011011111010101100101000011011011101100111001000101001010011000111011100001110100110010010010001111111001000101111011011000111100001001000100000000011001111001011111101111100011101000101000100000100110110111010101011110000110011111011000101110111110011011101101000110010000101100
11101101101110001011101110101101110110000110101011100000111101000100001010001001101100111001001011000101010101101011000001001010100111010001010000100000101100110000011101110111011000010100010011111011010000100111001101101000011010110100101010010010001111101100010000001000111111010101000111011011001111011110011111110010001100111111101001001101010110110100010100111110001110100011000001011010001001001011001001110110001110010000110000010011010000110011011111100001111011100011000101101101000000001101000101011001100101000101101000001000001011101011011010001100000001100110001110011010101101010001100111100010111100111100000110011001011001001100110111011100001011011100100100011110111111101110000101010010001110111100101000100011110110111101011110001011010111010000100110110000110111110011011100111111
10001111100110100111001111010100011010001000000010101010101100111111001101100011000010001110100000100100101100100011110011111000101111101001100000100101010100101001101010010001100011110101111101011100011101101000011111110000100010000111011111110000010001000111011011111111000010100000101110111010111111000110010111001100100011100001100001011001110100110100111101010010110110101000101101010010101001100101110111000111111000010100010111010110010100100110000011011100110111100000011000111001110011110110000100000011100000101011011111010101100101000011011011101100111001000101001010011000111011100001110100110010010010011111111001000101111011011000111100001001000100000000011001111001011111101011100011101000101000100000100110110111010101011110000110011111011000001110111110011011101101000110010000101100
01110000011001011000110000101011100100110111111101010101010011000000110010111100011101110001011111011011010011011100001100000111010000010110011111011010101011010110010101101110011100001010000010100011100010010111100000001111011101111000100000001111101111111000110100010000111101011111010001000111000000111001101000110011011100011110011110100110001011001010010010101101001000010111010010101101010110111010001000111000000111101011101000101001101011011001111100100011001100010111100111000110001000001001111011111100011111010100100000101010011010111100000100010011000110111010110101100111000110011110001011001101101101100100000110111010000100100110000011110110111011111111100110000110100000000100011100010111010111011111011001001010100010100001111001100000100111110001000001100100010010011001101111010011
01110000011001011000110000101011100100110111111101010101010011000000110010111100011101110001011111011011010011011100001100000111010000010110011111011010101011010110010101101110011100001010000010100011100010010111100000001111011101111000100000001111101111111000110100010000111101011111010001000111000000111001101000110011011100011110011110100110001011001010010010101101001000010111010010101101010110011010001000111000000111101011101000101001101011011001111100100011001100011111100111000110001000001001111011111100011111010100100000101010011010111100000100010011000110111010110101100111000110011110001011001101101101110100000110111010000100100111000011110110111011111111100110000110100000000100011100010111010111011111011001001010100010100001111001100000100111010001000001100100010010011001101111010011
01110000011001011000110000101011100100110111111101010101010011000000110010111100011101110001011111011011010011011100001100000101010000010110011111011010101011010110010101101110011100001010000010100011100010010111100010001111010101111001100000001111101111111000100100010001111101011111010001000101000000111001101000110011011100011110011110100110001011001011010010101101001001010111010010101101010110011010001000111000000111101011101000101001101011011001111100100011001000011111100111000110001110001001111011111100011111010100100000101010011010111100000100010011000010111010110101100111000110011110001011001101101101110000000110111010000100100111000011110110111011111111100110001110100000000000011100010111010111011111011001001000101010100001111001100000100111010001000001100100010010011001101111010011
01110000011001011000110000101011100100100111111101010101010011000000110010111100011101110001011111011011010011011100001100000111010000010110011111011010101011010110010101101110011100001010000010100011100010010111100000001111011101111000100000001111101111111000110100010001111101011111010001000111000000111001101000110011011100011110011110100110001011001010010010101101001000010111010010101101010111011010001000111000000111101011101000101001101011011001111100100011001100010111100111000110001000001001111011111100011111010100100000101010011010111100000100010011000110111010110101000111000110011110001011001101101101100000000110111010000100100110000011110110111011111111100110000110100000000100011100010111010111011111011001001010100010100001111001100000100111110001000001100100010010011001101111110011
10001101001001100111001111010100010010000000000011101010101000111111001101000011100000001110100001110100101100100001110011111010001101101000100000100001110100101001101010010001100001110101011101011100111101101011011100111000111010010100011111110001010001001111011011111110001010100000101110011000110110000110000011001100100111111001000001011000000100110100101101010010111110101000001101010010101010100101110111100111010000010110010111010110011101100110001011011100100011101001001100101001010001110110100100000011100100101011001100010101100101000011110011101100111101000101001010000010111011100001100000110010011010001111111001101111011111111000111011001001000110000000111000101001011111111111100011101000101000100000100110110111011101011110010110010111010111101010111110111011001101100110010100101101
10111000011000001010010000001001100101110001111100010001001101110000010010110100111011101111111111011011110001011100001100000101111001000110011111111010101010011110010111101010100000001110100001101011110010011110110111000111011101111010100010001100110001101101111110000000100101010111000001000001000101011011110000111001011000010111011101111110101001001010100010100101000000010111110010111101010110101010001000110000101000011101101001101001110011011000010100100010011001110100110111001110001001011111111111001100001101011110110010101000010010101100001110010011010110111000100101000111000100011110001111111100100111111101001110101000100000100111000111110100111011010110100110000110101000010101010100010111010111010100001011001011111000100001101001011101001100100100101001000100000001011101010001110000
01110000011001011000110000101011100101110111111101010101010011000000110010111100011101110001011111011011010011011100001100000101010000010110011111011010101011010110010101101110011100001010000010100011100010010111100010001111010101111001100000001111101111111000100100000001111101011111010001000111000000111001101000110011011100011110011110100110001011001011010010101101001001010111010010101101010110011010001000111000000111101011101000101001101011011001111100100011001100011111100111000110001110001001111011111100011111010100100000101010011010111100000100010011000010111010110101100111000110011110001011001101101101110000000110111010000100100110000011110110111011111111100110001110100000000000011100010111010111011111011001001000100010100001111001100000100111010001000001100100010010011001101111010011
01110000011001011000110000101011100100110111111101010101010011000000110010111100011101110001011111011011010011011100001100000101010000010110011111011010101011010110010101101110011100001010000010100011100010010111100010001111010101111001100000001111101111111000100100010001111101011111010001000101000000111001101000110011011100011110011110100110001011001011010010101101001001010111010010101101010110011010001000111000000111101011101000101001101011011001111100100011001100011111100111000110001110001001111011111100011111010100100000101010011010111100000100010011000010111010110101100111000110011110001011001101101101110000000110111010000100100111000011110110111011111111100110001110100000000000011100010111010111011111011001001000101010100001111001100000100111010001000001100100010010011001101111010011
01110000011001011000110000101011100100110111111101010101010011000000110010011100011101110001011111011011010011011100001100000111010000010110011111011010101011010110010101101110011100001010000010100011100010010111100000001111011101111000100000001111101111111000100100010000111101011111010001000101000000111001101000110011011100011110011110100110001011001011000010101101001001010111010010101101010110011010001000111000000111101011101000101001101011011001111100100011001100011111100111000110001100001001111011111100011111010100100000101010011010111100100100010011000110111010110101100111000110011110001011001101101101110000000110111010000100100111000011110110111011111111100110000110100000010000011100010111010111011111011001001000101010100001111001100000100111010001000001100100010010111001101111010011
10001111100110100111001111010100011011001000000010101010101100111111001101000011100010001110100000100100101100100011110011111010101111101001100000100101010100101001101010010001100011110101111101011100011101101000011101110000101010000110011111110000010000000111011011101110000010100000101110111000111111000110010111001100100011100001100001011001110100110100101101010010110110101000101101010010101001100101110111000111111000010100010111010110010100100110000011011100110011100000011000111001110001110110000100000011100000101011011111010101100101000011111011101100111101000101001010011000111011100001110100110010010010001111111001000101111011011000111100001001000100000000011001110001011111111111100011101000101000100000100110110111011101011110000110011111011000101110111110011011101101100110010000101100
01110000011001011000110000101011100100110111111101010101010011000000110010111100011101110001011111011011010011011100001100000101010000010110011111011010101011010110010101101110011100001010000010100011100010010111100010001111010101111001100000001111101111111000100100010001111101011111010001000101000000111001101000110011011100011110011110100110001011001011000010101101001001010111010010101101010110011010001000111000000111101011101000101001101011011001111100100011001000011111100111000110001110001001111011111100011111010100100000101010011010111100000100010011000010111010110101100111000100011110001011001101101101110000000110111010000100100111000011110110111011111111100110001110100000010000011100010111010111011111011001001000101010100001111001100000100111010001000001100100010010011001101111010011
01110000011001011000110000101011100100110111111101010101010011000000110010011100011101110001011111011011010011011100001100000111010000010110011111011010101011010110010101101110011100001010000010100011100010010111100000001111011101111000100000001111101111111000100100010000111101011111010001000101000000111001101000110011011100011110011110100110001011001010000010101101001001010111010010101101010110011010001000111000000111101011101000101001101011011001111100100011001000011111100111000110001100001001111011111100011111010100100000101010011010111100100100010011000110111010110101100111000110011110001011001101101101110000000110111010000100100111000011110110111011111111100110000110100000010000011100010111010111011111011001001000101010100001111001100000100111010001000001100100010010111001101111010011
11100101101110101101100110101111111110000010101011111011111100001101001100011011001100111001110010000101010101100000100011001111100011010001010000101100101101110001001000110111011101010100010011111101111000110110001101110000111010100101011010010010001011110010110000011011011110010010101111010011101011011110001111110000111100111111101001011001010110110000011100101110011010110000101001001010010001010001101001100100000000011001000000011011110000100101101011101001101111110011000011101101101000001011000001111001100111010111011000000000011011101011110010001100001001000111001110011100111011001001100111101010111001011110100010010011010010000100000101001010010010011000100100011110111111110110001101010010011100111000101000110011011110010110110110001001110011011001000000110000110101100011011110111111
10001111100110100111001111010100011011001000000010101010101100111111001101100011100010001110100000100100101100100011110011111000101111101001100000100101010100101001101010010001100011110101111101011100011101101000011111110000100010000111011111110000010000000111011011101111000010100000101110111010111111000110010111001100100011100001100001011001110100110100111101010010110110101000101101010010101001100101110111000111111000010100010111010110010100100110000011011100110011100000011000111001110011110110000100000011100000101011011111010101100101000011011011101100111001000101001010011000111001100001110100110010010010001111111001000101111011011000111100001001000100000000011001111001011111101111100011101000101000100000100110110111010101011110000110011111011000101110111110011011101101000110010000101100
01110000011001011000110000101011100100110111111101010101010011000000110010111100011101110001011111011011010011011100001100000111010000010110011111011010101011010110010101101110011100001010000010100011100010010111100000001111011101111000100000001111101111111000110100010000111101011111010001000111000000111001101000110011011100011110011110100110001011001010010010101101001000010111010010101101010110011010001000111000000111101011101000101001101011011001111100100011001100011111100111000110001000001001111011111100011111010100100000101010011010111100000100010011000110111010110101100111000110011110001011001101101101110100000110111010000100100111000011110110111011111111100110000110100000000100011100010111010111011111011001001010100010100001111001100000100111010001000001100100010010011001101111010011
11100101101110001011001110101101110110000111101011100000111101000100000010011001101100111001001011000100010101101011001001001010000111110101010000100000101110010000011100110111011100010100010011111011010000100111000101101000001010110100101010010010001111101101010000001000111111010101000111011110001111011110011111110010001100110111101001001101010110110100010100111110001110110011010001011010101001001011001001110110001110010010110000010011110000110111011011110001110011100011000101101101000000001101000101011001100101000101101100011000001011101011011010001100000001110110001110011010101101010011000111001010111100111100000110011001011001001100111111011100001011001100100100011010111111100110000100010010001110111100101100100011110110111101011110001011010111010000100110111000110111110010011100111111
01110000011001011000110000101011100100110111111101010101010011000000110010011100011101110001011111011011010011011100001100000111010000010110011111011010101011010110010101101110011100001010000010100011100010010111100010001111011101111000100000001111101111111000100100010000111101011111010001000101000000111001101000110011011100011110011110100110001011001010000010101101001001010111010010101101010110011010001000111000000111101011101000101001101011011001111100100011001000011111100111000110001100001001111011111100011111010100100000101010011010111100100100010011000110111010110101100111000110011110001011001101101101110000000110111010000100100110000011110110111011111111100110000110100000010000011100010111010111011111011001001000101010100001111001100000100111010001000001100100010010111001101111010011
10001111100110100111001111010100011010001000000010101010101100111111001101100011000010001110100000100100101100100011110011111000101111101001100000100101010100101001101010010001100011110101111101011100011101101000011111110000100010000111011111110000010001000111011011111111000010100000101110111010111111000110010111001100100011100001100001011001110100110100111101010010110110101000101101010010101001100101110111000111111000010100010111010110010100100110000011011100110011100000011000111001110011110110000100000011100000101011011111010101100101000011011011101100111001000101001010011000111011100001110100110010010010011111111001000101111011011000111100001001000100000000011001111001011111101011100011101000101000100000100110110111010101011110000110011111011000001110111110011011101101000110010000101100
01110000011001011000110000101011100100110111111101010101010011000000110010011100011101110001011111011011010011011100001100000111010000010110011111011010101011010110010101101110011100001010000010100011100010010111100000001111011101111000100000001111101111111000100100010000111101011111010001000101000000111001101000110011011100011110011110100110001011001011000010101101001001010111010010101101010110011010001000111000000111101011101000101001101011011001111100100011001100011111100111000110001100001001111011111100011111010100100000101010011010111100100100010011000110111010110101100111000100011110001011001101101101110000000110111010000100100110000011110110111011111111100110000110100000010000011100010111010111011111011001001000101010100001111001100000100111010001000001100100010010111001101111010011
10001111000000100110011000001000000011010010110000011011001010111010110010110100010010000110110101111010001011011100000110111111111001000011111011010111011010011110111110010001100001001001001100000100001001011011110110001101110101001011111110001111110110000001110110110011100111111010111100100000011000000000010000001000000001101000011100101010101100101001110101001110101011101111101011011101110100100110110000000111110001110110100111100100010100011100111010011110001000101100001110001010001110110010101100111110110110111111001111010110110100001100001001110111100010100000111010000010010111101100110000110101010010111011101101101000100010100101001000100011001001111011111010101000000011010010110011101101010000101001100011011000111101010011110010110100011010001101101011011011001011011001110010000110
10001111100110100111001111010100011010001000000010101010101100111111001101100011100010001110100000100100101100100011110011111000101111101001100000100101010100101001101010010001100011110101111101011100011101101000011101110000100010000111011111110000010001000111011011111111000010100000101110111010111111000110010111001100100011100001100001011001110100110101111101010010110110101000101101010010101001100101110111000111111000010100010111010110010100100110000011011100110011100000011000111001110011110110000100000011100000101011011111010101100101000011011011101100111001000101001010011000111011100001110100110010010010001111111001000101111011011000111100001001000100000000011001111001011111101111100011101000101000100000100110110111010101011110000110011111011000101110111110011011101101000110010000101100
01110000011001011000110000101011100101110111111101010101010011000000110010011100011101110001011111011011010011011100001100000111010000010110011111011010101011010110010101101110011100001010000010100011100010010111100000001111011101111000100000001111101111111000100100000000111101011111010001000101000000111001101000110011011100011110011110100110001011001010000010101101001001010111010010101101010110011010001000111000000111101011101000101001101011011001111100100011001100011111100111000110001100001001111011111100011111010100100000101010011010111100100100010011000110111010110101100111000110011110001011001101101101110000000110111010000100100111000011110110111011111111100110000110100000010000011100010111010111011111011001001000101010100001111001100000100111010001000001100100010010111001101111010011
01110000011001011000110000101011100100110111111101010101010011000000110010011100011101110001011111011011010011011100001100000111010000010110011111011010101011010110010101101110011100001010000010100011100010010111100000001111011101111000100000001111101111111000100100010000111101011111010001000101000000111001101000110011011100011110011110100110001011001011000010101101001001010111010010101101010110011010001000111000000111101011101000101001101011011001111100100011001000011111100111000110001100001001111011111100011111010100100000101010011010111100100100010011000110111010110101100111000110011110001011001101101101110000000110111010000100100111000011110110111011111111100110000110100000010000011100010111010111011111011001001000101010100001111001100000100111010001000001100100010010111001101111010011
01110000011001011000110000101011100100110111111101010101010011000000110010111100011101110001011111011011010011011100001100000101010000010110011111011010101011010110010101101110011100001010000010100011100010010111100010001111010101111001100000001111101111111000100100010001111101011111010001000101000000111001101000110011011100011110011110100110001011001011010010101101001001010111010010101101010110011010001000111000000111101011101000101001101011011001111100100011001100011111100111000110001110001001111011111100011111010100100000101010011010111100000100010011000010111010110101100111000110011110001011001101101101110000000110111010000100100111000011110110111011111111100110001110100000000000011100010111010111011111011001001010101010100001111001100000100111010001000001100100010010011001101111010011
10001111100110100111001111010100011011001000000010101010101100111111001101100011100010001110100000100100101100100011110011111000101111101001100000100101010100101001101010010001100011110101111101011100011101101000011101110000100010000111011111110000010001000111011011101111000010100000101110111010111111000110010111001100100011100001100001011001110100110100111101010010110110101000101101010010101001100101110111000111111000010100010111010110010100100110000011011100110111100000011000111001110011110110000100000011100000101011011111010101100101000011011011101100111001000101001010011000111011100001110100110010010010001111111001000101111011011000111100001001000100000000011001111001011111101111100011101000101000100000100110110111010101011110000110011111011000101110111110011011101101000110010000101100
10001111100110100111001111010100011010001000000010101010101100111111001101000011100010001110100000100100101100100011110011111000101111101001100000100101010100101001101010010001100011110101111101011100011101101000011101110000101010000110011111110000010000000111011011111110000010100000101110111010111111000110010111001100100011100001100001011001110100110100111101010010110110101000101101010010101001100101110111000111111000010100010111010110010100100110000011011100110111100000011000111001110011110110000100000011100000101011011111010101100101000011111011101100111101000101001010011000111011100001110100110010010010001111111001000101111011011001111100001001000100000000011001110001011111101111100011101000101000100000100110110111010101011110000110011111011000101110111110011011101101100110010000101100
10001111100110100111001111010100011011001000000010101010101100111111001101000011100010001110100000100100101100100011110011111000101111101001100000100101010100101001101010010001100011110101111101011100011101101000011111110000101010000110011111110000010000000111011011101111000010100000101110111010111111000110010111001100100011100001100001011001110100110100101101010010110110101000101101010010101001100101110111000111111000010100010111010110010100100110000011011100110111100000011000111001110111110110000100000011100000101011011111010101100101000011111011101100111001000101001010011000111001100001110100110010010010011111111001000101111011011001111100001001000100000000011001110001011111111011100011101000101000100000100110110101010101011110000110011111011000001110111110011011101101100110010000101100
01110000011001011000110000101011100100110111111101010101010011000000110010011100011101110001011111011011010011011100001100000111010000010110011111011010101011010110010101101110011100001010000010100011100010010111100000001111011101111000100000001111101111111000100100010000111101011111010001000101000000111001101000110011011100011110011110100110001011001010000010101101001001010111010010101101010110011010001000111000000111101011101000101001101011011001111100100011001000011111100111000110001100001001111011111100011111010100100000101010011010111100100100010011000110111010110101100111000110011110001011001101101101110000000110111010000100100110000011110110111011111111100110000110100000010000011100010111010111011111011001001000101010100001111001100000100111010001000001100100010010111001101111010011
10001111100110100111001111010100011011001000000010101010101100111111001101000011100010001110100000100100101100100011110011111010101111101001100000100101010100101001101010010001100011110101111101011100011101101000011101110000101010000110011111110000010000000111011011101110000010100000101110111000111111000110010111001100100011100001100001011001110100110100101101010010110110101000101101010010101001100101110111000111111000010100010111010110010100100110000011011100110011100000011000111001110001110110000100000011100000101011011111010101100101000011111011101100111101000101001010011000111011100001110100110010010010001111111001000101111011011000111100001001000100000000011001110001011111111111100011101000101000100000100110110101011101011110000110011111011000101110111110011011101101100110010000101100
10100101111110101111101101101111111101000011101011100001111100000101000100011001001110111001001101000110010100100010101011100000100111011101010000100000101111100001001100110110011101010100010001111010110010110101001101100001001010110100011001010000001110011110110001001000011111000011100011010111100111011100001111110001101100101111111001011001110010110100001010111110001010110001010111011010101001001000101101101100001110011000101000011111110000000001001111110001100011111011101101101100001000001111000111001001000101000111010000001000001011100001110110001100011011101010001101011100101101010000001100001001101100011100100010011011011110000100101111011100100010011100100101010111111100111111011000000010101110110110001100100011101110101101011110001011000101011101100100110100100001110011011110111011
10001111100110100111001111010100011011001000000010101010101100111111001101100011100010001110100000100100101100100011110011111000101111101001100000100101010100101001101010010001100011110101111101011100011101101000011101110000100010000111011111110000010000000111011011101111000010100000101110111010111111000110010111001100100011100001100001011001110100110100111101010010110110101000101101010010101001100101110111000111111000010100010111010110010100100110000011011100110011100000011000111001110011110110000100000011100000101011011111010101100101000011011011101100111001000101001010011000111001100001110100110010010010001111111001000101111011011001111100001001000100000000011001111001011111101111100011101000101000100000100110110111010101011110000110011111011000101110111110011011101101000110010000101100
01110000011001011000110000101011100101110111111101010101010011000000110010111100011101110001011111011011010011011100001100000101010000010110011111011010101011010110010101101110011100001010000010100011100010010111100010001111010101111001100000001111101111111000100100000001111101011111010001000101000000111001101000110011011100011110011110100110001011001011010010101101001001010111010010101101010110011010001000111000000111101011101000101001101011011001111100100011001000011111100111000110001110001001111011111100011111010100100000101010011010111100000100010011000010111010110101100111000110011110001011001101101101110000000110111010000100100110000011110110111011111111100110001110100000000000011100010111010111011111011001001000101010100001111001100000100111010001000001100100010010011001101111010011
01110000011001011000110000101011100100100111111101010101010011000000110010111100011101110001011111011011010011011100001100000111010000010110011111011010101011010110010101101110011100001010000010100011100010010111100000001111011101111000100000001111101111111000110100010000111101011111010001000111000000111001101000110011011100011110011110100110001011001010000010101101001000010111010010101101010111011010001000111000000111101011101000101001101011011001111100100011001100011111100111000110001000001001111011111100011111010100100000101010011010111100000100010011000110111010110101000111000100011110001011001101101101110100000110111010000100100110000011110110111011111111100110000110100000000100011100010111010111011111011001001010100010100001111001100000100111010001000001100100010010011001101111110011
10001111100110100111001111010100011011001000000010101010101100111111001101000011100010001110100000100100101100100011110011111000101111101001100000100101010100101001101010010001100011110101111101011100011101101000011111110000100010000111011111110000010000000111001011101111000010100000101110111000111111000110010111001100100011100001100001011001110100110101101101010010110111101000101101010010101001100101110111000111111000010100010111010110010100100110000011011100110011100000011000111001110111110110000100000011100000101011011111010101100101000011111011101100111001000101001010011000111011100001110100110010010010001011111001000101111011011000111100001001000100000000011001111001011111111011100011101000101000100000100110110101011101011110000110011111011000101110111110011011101101100110010000101100
01110000011001011000110000101011100100110111111101010101010011000000110010111100011101110001011111011011010011011100001100000101010000010110011111011010101011010110010101101110011100001010000010100011100010010111100010001111010101111001100000001111101111111000100100010001111101011111010001000101000000111001101000110011011100011110011110100110001011001011000010101101001001010111010010101101010110011010001000111000000111101011101000101001101011011001111100100011001000011111100111000110001110001001111011111100011111010100100000101010011010111100000100010011000010111010110101100111000110011110001011001101101101110000000110111010000100100110000011110110111011111111100110001110100000010000011100010111010111011111011001001000101010100001111001100000100111010001000001100100010010011001101111010011
01110000011001011000110000101011100101110111111101010101010011000000110010011100011101110001011111011011010011011100001100000111010000010110011111011010101011010110010101101110011100001010000010100011100010010111100010001111011101111000100000001111101111111000100100000000111101011111010001000101000000111001101000110011011100011110011110100110001011001011000010101101001001010111010010101101010110011010001000111000000111101011101000101001101011011001111100100011001100011111100111000110001100001001111011111100011111010100100000101010011010111100100100010011000110111010110101100111000100011110001011001101101101110000000110111010000100100110000011110110111011111111100110000110100000010000011100010111010111011111011001001000101010100001111001100000100111010001000001100100010010111001101111010011
10100111001110001011101110111110111100000011101000001010110001101101001000001001101100110010000010010101010100101101100011101110110111100001110000000100110100100001011000010111011000110010110010110011011001100111000101101000110011110111001110110010001111000011010000001001011110010000100000001010001101111111000011011101101001110101111011110001110010110000010100011110101010110001011001000010010010110000100111100111001110000011000101010111011000000111001111000111110011110011001101111101111000001011010011111001101110000001101100000100010111101011100000100100011001000111001110111100111011001000100010101011110001110111100010010001011111001000101101101010000101000001101010101111010111100110011010000011000110101101101101110011100010100110010110001000110111011010100110110000011101110010000101011111
01110000011001011000110000101011100100100111111101010101010011000000110010111100011101110001011111011011010011011100001100000111010000010110011111011010101011010110010101101110011100001010000010100011100010010111100000001111011101111000100000001111101111111000110100010000111101011111010001000111000000111001101000110011011100011110011110100110001011001010000010101101001000010111010010101101010111011010001000111000000111101011101000101001101011011001111100100011001100011111100111000110001000001001111011111100011111010100100000101010011010111100000100010011000110111010110101000111000100011110001011001101101101110100000110111010000100100110000011110110111011111111100110000110100000000100011100010111010111011111011001001010100010100001111001100000100111010001000001100100010010011001101111110011
01110110010101111010111110110111101010110111111000001110000011011001111001100110011101100001011111011101000110011110001010100111011000010010001101010100010000111110011101010101111011101011110100100011000101100011101011100011000101101111000110101011111100100000000000100000101111101110010000100101001101110011000000011111110001010110110110100101001000001110011010110001100001000001001000010001010001110100101000110100101010100100001001111000010110100001000100100111001010010100110001010011001101110101011000101110111010000000100111101100111110010000111100110011011110100010100111111101010000111111001011011101000001111001010001110000000100011011100000111110111101100011011011110110000000100001011010111111011110001111011101001111110010000000101101100000111001001011000101010011111000011010101101010110
10001101001001100111001111010100010010000000000011101010101000111111001101000011100000001110100001110100101100100001110011111010001101101000100000100001110100101001101010010001100001110101011101011100111101101011011100111000111010010100011111110001010001000111011011111110001010100000101110011000110110000110000011001100100111111001000001011000000100110100101101010010111110101001001101010010101010100101110111100111010000010110010111010110011101100110001011011100100011101001001100101001010001110110100100000011100100101011001100010101100101000011110011101100111101000101001010000010111011100001110000110010011010001111111001101111011111111000111011001001000110000000111000101001011111111111100011101000101000100000100110110111011101011110010110010111010111101010111110111011001101100010010100101101
10001111100110100111001111010100011011001000000010101010101100111111001101100011100010001110100000100100101100100011110011111000101111101001100000100101010100101001101010010001100011110101111101011100011101101000011111110000100010000111011111110000010001000111011011101111000010100000101110111010111111000110010111001100100011100001100001011001110100110101111101010010110110101000101101010010101001100101110111000111111000010100010111010110010100100110000011011100110111100000011000111001110011110110000100000011100000101011011111010101100101000011011011101100111001000101001010011000111011100001110100110010010010001111111001000101111011011000111100001001000100000000011001111001011111101111100011101000101000100000100110110111010101011110000110011111011000101110111110011011101101000110010000101100
10001111100110100111001111010100011011001000000010101010101100111111001101000011100010001110100000100100101100100011110011111000101111101001100000100101010100101001101010010001100011110101111101011100011101101000011111110000100010000111011111110000010000000111001011101111000010100000101110111000111111000110010111001100100011100001100001011001110100110101101101010010110111101000101101010010101001100101110111000111111000010100010111010110010100100110000011011100110011100000011000111001110111110110000100000011100000101011011111010101100101000011111011101100111001000101001010011000111011100001110100110010010010011011111001000101111011011001111100001001000100000000011001111001011111111011100011101000101000100000100110110101011101011110000110011111011000001110111110011011101101100110010000101100
01110000011001011000110000101011100100110111111101010101010011000000110010111100011101110001011111011011010011011100001100000111010000010110011111011010101011010110010101101110011100001010000010100011100010010111100010001111010101111001100000001111101111111000100100010001111101011111010001000111000000111001101000110011011100011110011110100110001011001011010010101101001001010111010010101101010110011010001000111000000111101011101000101001101011011001111100100011001100011111100111000110001100001001111011111100011111010100100000101010011010111100000100010011000010111010110101100111000110011110001011001101101101110000000110111010000100100110000011110110111011111111100110001110100000000000011100010111010111011111011001001010100010100001111001100000100111010001000001100100010010011001101111010011
10001111100110100111001111010100011010001000000010101010101000111111001101100011000010001110100000100100101100100011110011111000101111101001100000100101010100101001101010010001100011110101111101011100011101101000011111110000100010000111011111110000010001000111011011111111000010100000101110111010111111000110010111001100100011100001100001011001110100110101111101010010110110101000101101010010101001100101110111000111111000010100010111010110010100100110000011011100110011100000011000111001110011110110000100000011100000101011011111010101100101000011011011101100111001000101001010011000111011100001110100110010010010011111111001000101111011011000111100001001000100000000011001111001011111101011100011101000101000100000100110110111010101011110000110011111011000001110111110011011101101000110010000101100
10001111100110100111001111010100011010001000000010101010101000111111001101100011100010001110100000100100101100100011110011111000101111101001100000100101010100101001101010010001100011110101111101011100011101101000011101110000100010000111011111110000010001000111011011111111000010100000101110111010111111000110010111001100100011100001100001011001110100110100111101010010110110101000101101010010101001100101110111000111111000010100010111010110010100100110000011011100110111100000011000111001110011110110000100000011100000101011011111010101100101000011011011101100111001000101001010011000111011100001110100110010010010001111111001000101111011011000111100001001000100000000011001111001011111101111100011101000101000100000100110110111010101011110000110011111011000101110111110011011101101000110010000101100
11110001011110000000100011111110111001100111001110100000111111000100001100001111001110111101001010000101010101001010001001000111000001010101010001101010100101000000010101111010010100010110110011111010010110000011001101010010001000110100110000110010001001011111011000001110111101010111000011011111000111101111011001110011001100011111101011001101001011010110011110110111000100011001010100100010001001010010101011110001000110001010011000000011101000000011001111100011110111010011110101100111100000001001010011011001000001000100100000101101011011110011110010110100000001101010100001111001101000010010011111011010101101011111000010011011011101011100110111111110111110001110100101010111111100100101001111010010110110110110011100000111100110101101010101001001100111111110100100000000011000110111011111111011
10001111000110100111001111011100011010000000000011101010101000111111001100000011100110000010100000110100000100100001110011111010000111101001101000100101110101101001100010010101110001110101011101111100101101100000010000110000111010110100011101111011010001000011011011111111001010110000101110011100111111000110001011001100100111101001100001011000100110110100101101010110111111111000001101010010101010100001110111100111010000010110010101010110010100100110101011011100110111101001001100101001110000110010100001001011100010101011011100010101100101000011110011101100001001000101001010001010111011100001100100110011000000001111111001000111011011111000111101001001000100000001111001101000001111111111100011001010101100101000100100110111111100011110000110011111010111101011111110111011101101000010010100111101
10011111000101100111001111010110011010010000110001101010100000111111001101100011000100000010100000110010101110100011110010111010101110101001101000100101010101111111100000110101110011110101111100010100101101101000011100110001100010010101010111111111010000000001001011110101000000110000111010101100111100100111001011001100100011101001000110011000010110110101101011010010111111111001001001010010101000110101110111100101110000110100010011010010000110100111101011111000100011001111001100111001110010110010100000100011000110101010001101010100101100011001111101101110101101000101011010011110111010100011110100010011000000100011110001010111011111001000101000001001000100000001011010101000000011101011100011101000001000101001110100110111111100011110010010110110110011101111111110101011101100000010000110101101
10001101001101100111001111010100010010000000000011101010101000111111001101000011100100001110100001110100101100100001110011111010001101101000100000100001110100101001101010010001100001110101011101011100111101101011011100111000111010010100011111110001010001001111011011111110001010100000101110011000110110000110000011001100100111111001000001011000000100110100101101010010111111101000001101010010101010100101110111100111010000010110010111010110011101100110001011011100100011101001001100101001010001110110100100000011100100101011001100010101100101000011110011101100111101000101001010000010111011100001100000110010010010001111111001101111011111111000111011001001000110000000111000101001011111111111100011101000101000100000100110110111011101011110010110010111010111101010111110111011001101100010010100101101
01110000011001011000110000101011100101110111111101010101010111000000110010011100111101110001011111011011010011011100001100000111010000010110011111011010101011010110010101101110011100001010000010100011100010010111100000001111011101111000100000001111101110111000100100000000111101011111010001000101000000111001101000110011011100011110011110100110001011001010000010101101001001010111010010101101010110011010001000111000000111101011101000101001101011011001111100100011001100011111100111000110001100001001111011111100011111010100100000101010011010111100100100010011000110111010110101100111000100011110001011001101101101100000000110111010000100100111000011110110111011111111100110000110100000010100011100010111010111011111011001001000101010100001111001100000100111110001000001100100010010111001101111010011
01000111100111110101101011110110011010001110000011101110110010001111101101001011000100010000000000100100001110100011110011111010000110111001100000000101010101100001101000010101011111110001011110010100001101101001001000111000100010000101011101110011001110010010000001111111011010101000111110111110111010100100001111000110100111101000100010000001010110110101011101011010111111101000001101000010101001010101110111001111010111100010010110010110001100100111101011011101100110001011001000110001110110100000000000110011110010100001001101010111101101010011110001101100101001000111011010111000111011100001110000000011011000000010110001010111011111011000111000001011000100101001011001111001010111101010101011101000101000101011110100110100000111011110010110100010110011111011010110111011111110100010101110001111
10101101101100101110111110101111100110000010111011101010101100111110001100001011011110111000000011000101110101100000000011001101101110110000100000110000100100110001011000010111010101000101000001011001111010100011001101111000111010110100111110101000011001001011010001011001011111010100011111011010101011011010001101111010101111111111101101111001010100110010011100011110001010110001001001011010101010010001011011110101000000010001010000000111000011100110011011011000101111110011000101001110011010001110100101111001101110000111101000010000011011100111110010001100000001001111001110111100101100001111000101001010111100011100110000011011011101100100110101011101010100001101110100101111011011100110000101010000001101111100101100110011110100100100010100000101010011010000110111110000110101100010011110111111
01110010110010011000110000101011101101111111111100010101010111000000110010111100011111110001011110001011010011011110001100000101111010010111011111011110001011010110010101101110011110001010100010100011000010010100100011000111000101101011100000001110101110110000100100000001110101011111010001100111001001111001111100110011011000000110111110100111111011001011010010101101000001010111110010101101010101011010001000011000101111101001101000101001100010011001110100100011011100010110110011010110101110001001011011111100011011010100110011101010011010111100001100010011000010111010110101111101000100011110001111001101100101110000000110011000100000000111000100110110111001111111000111010110100000000000011100010111010111011111011001001000100010100001101001101000101000010101000001000100110010011101101011010010
01110000011001011000110000101011100100110111111101010101010011000000110010111100011101110001011111011011010011011100001100000111010000010110011111011010101011010110010101101110011100001010000010100011100010010111100000001111011101111000100000001111101111111000110100010000111101011111010001000111000000111001101000110011011100011110011110100110001011001010010010101101001000010111010010101101010110111010001000111000000111101011101000101001101011011001111100100011001100010111100111000110001000001001111011111100011111010100100000101010011010111100000100010011000110111010110101100111000110011110001011001101101101100100000110111010000100100110000011110110111011111111100110000110100000000100011100010111010111011111011001001010100010100001111001100000100111110001000001100100010010011001101111010011
10001111100110100111001111010100011010001000000010101010101100111111001101100011000010001110100000100100101100100011110011111000101111101001100000100101010100101001101010010001100011110101111101011100011101101000011111110000100010000111011111110000010000000111011011111111000010100000101110111010111111000110010111001100100011100001100001011001110100110101111101010010110110101000101101010010101001100101110111000111111000010100010111010110010100100110000011011100110111100000011000111001110011110110000100000011100000101011011111010101100101000011011011101100111001000101001010011000111011100001110100110010010010011111111001000101111011011001111100001001000100000000011001111001011111101011100011101000101000100000100110110111010101011110000110011111011000001110111110011011101101000110010000101100
00001111100001110110011100000010000011011000010000011110000000111011110001110100010010000010111111111000001010110101010110111001111110101010101110010111011010111111101010000101101011101011001100000101001001111001111110111101110101001011011110001111110110000000001111110001000001101010111110100100111000010000100010001100100011100000000100100010110100101001110101001000110111100110101111011100110100111100110100001110111001110100110111111100010100111100110010011100001000101100001010010000011111110010101100101010111110101011011011010110110100001100001101001011111110010100011010000110010110101110110000110001010010110000111101100110100011100001001000000011001101100001011010101000010011010010110010001101001001101001100011111000111001010010100010110110011000000111011011111111001111101000100000000100
01110000011001011000110000101011100101110111111101010101010011000000110010011100111101110001011111011011010011011100001100000111010000010110011111011010101011010110010101101110011100001010000010100011100010010111100000001111011101111000100000001111101110111000100100000000111101011111010001000101000000111001101000110011011100011110011110100110001011001011000010101101001001010111010010101101010110011010001000111000000111101011101000101001101011011001111100100011001100011111100111000110001100001001111011111100011111010100100000101010011010111100100100010011000110111010110101100111000100011110001011001101101101100000000110111010000100100111000011110110111011111111100110000110100000010100011100010111010111011111011001001000101010100001111001100000100111110001000001100100010010111001101111010011
10001111100110100111001111010100011011001000000010101010101100111111001101100011100010001110100000100100101100100011110011111000101111101001100000100101010100101001101010010001100011110101111101011100011101101000011101110000100010000111011111110000010000000111011011101111000010100000101110111010111111000110010111001100100011100001100001011001110100110100111101010010110110101000101101010010101001100101110111000111111000010100010111010110010100100110000011011100110011100000011000111001110011110110000100000011100000101011011111010101100101000011011011101100111001000101001010011000111001100001110100110010010010001111111001000101111011011001111100001001000100000000011001111001011111101111100011101000101000100000100110110111010101011110000110011111011000101110111110011011101101000110010000101100
01110000011001011000110000101011100100100111111101010101010011000000110010111100011101110001011111011011010011011100001100000111010000010110011111011010101011010110010101101110011100001010000010100011100010010111100000001111011101111000100000001111101111111000110100010000111101011111010001000111000000111001101000110011011100011110011110100110001011001010000010101101001000010111010010101101010110011010001000111000000111101011101000101001101011011001111100100011001100011111100111000110001000001001111011111100011111010100100000101010011010111100000100010011000110111010110101000111000110011110001011001101101101100100000110111010000100100111000011110110111011111111100110000110100000000100011100010111010111011111011001001010100010100001111001100000100111110001000001100100010010011001101111110011
10001101001001100111001111010100011010000000000011101010101000111111001101000011100000001110100001110100101100100001110011111010000101101000100000100001110100101001101010010001100001110101011101011100111101101011011100111000111010010100011111110001010001001111011011111110001010100000101110011000110110000110000011001100100111111001000001011000000100110100101101010010111110101001001101010010101010100101110111100111010000010110010111010110011101100110001011011100100011101001001100101001010001110110100100000011100100101011001100010101100101000011110011101100111101000101001010000010111011100001100000110010011010001111111001101111011111111000111011001001000110000000111000101001011111111111100011101000101000100000100110110111011101011110010110010111010111101010111110111011001101100110010100101100
10001111100110100111001111010100011011001000000010101010101100111111001101000011100010001110100000100100101100100011110011111000101111101001100000100101010100101001101010010001100011110101111101011100011101101000011101110000101010000110011111110000010000000111011011101110000010100000101110111010111111000110010111001100100011100001100001011001110100110100101101010010110110101000101101010010101001100101110111000111111000010100010111010110010100100110000011011100110011100000011000111001110011110110000100000011100000101011011111010101100101000011111011101100111101000101001010011000111001100001110100110010010010001111111001000101111011011000111100001001000100000000011001110001011111111111100011101000101000100000100110110101010101011110000110011111011000101110111110011011101101100110010000101100
10001111100110100111001111010100011011011000000010101010101100111111001101000011100010001110100000100100101100100011110011111000101111101001100000100101010100101001101010010001100011110101111101011100011101101000011111110000100010000111011111110000010000000111001011101110000010100000101110111000111111000110010111001100100011100001100001011001110100110100101101010010110111101000101101010010101000100101110111000111111000010100010111010110010100100110000011011100110011101000011000111001110111110110000100000011100000101011011111010101100101000011111011101100111001000101001010111000111001100001110100110010010010011111111001000101111011011001111100001001000100000000011001111001011111111011100011101000101000100000100110110101011101011110000110011111011000001110111110011011101101100110010000001100
01110000011001011000110000101011100100110111111101010101010011000000110010111100011101110001011111011011010011011100001100000101010000010110011111011010101011010110010101101110011100001010000010100011100010010111100010001111010101111001100000001111101111111000100100010001111101011111010001000111000000111001101000110011011100011110011110100110001011001011010010101101001001010111010010101101010110011010001000111000000111101011101000101001101011011001111100100011001100011111100111000110001110001001111011111100011111010100100000101010011010111100000100010011000010111010110101100111000110011110001011001101101101110000000110111010000100100110000011110110111011111111100110001110100000000000011100010111010111011111011001001010100010100001111001100000100111010001000001100100010010011001101111010011
01110000011001011000110000101011100100110111111101010101010011000000110010111100011101110001011111011011010011011100001100000111010000010110011111011010101011010110010101101110011100001010000010100011100010010111100010001111010101111001100000001111101111111000100100010001111101011111010001000101000000111001101000110011011100011110011110100110001011001011010010101101001001010111010010101101010110011010001000111000000111101011101000101001101011011001111100100011001000011111100111000110001100001001111011111100011111010100100000101010011010111100000100010011000010111010110101100111000110011110001011001101101101110000000110111010000100100111000011110110111011111111100110001110100000000000011100010111010111011111011001001010101010100001111001100000100111010001000001100100010010011001101111010011
01110010110110011000110000101011100101111111111100010101010111000000110010111100011101110001011110001011010011011110001100000101110010010111011111011110001011010110010101101110011110001010100010100011000010010100100011000111000101101011100000001110101110110000100100010001110101011111010001100111001001111001111100110011011000000110111110100111111011001001010010101101000001010110110010101101010111011010001000011000101111101001101000101000100110011001110100100011011100010110110011010110101110001001011011111100011011010100110011101010011010111100001100010011000010111010110101111101000100011110001111001101100101110000000110010000100000000111000100110110111001111111000111010110100000000000011100010111010111011111011001001000100010100001101001101000101000010101000001000100110010011001101011010011
10001111000110100111001111011100010010000000100011101010101000111111001100000011100100000010100001110100100100100001110011111010001111101000101000100001110101101001100010010101110001110111011101011100101101101100011000111000111010010100011101111001010001000011011011101111001010110000101110011100111110000110001011001100100111101001001001011001000100110101101111010011111110111000001101010010101010100101110111100111010000010110010101010110010001100110101011011100100111101001001100101011010001110010000001101011100100101011011100010101000101000011010011101100101001000101001010001010111011100001110000010011000000001111111001000111011111111000101011001001000100000001111001101100001111111111100011101010100000101000100100110111110100011110000110011111010111101011111110111011101101000010010100111101
10001111000000100110011000001000000011010010110000011011001011111011110010110100010010000010110101111110001011011100000110111111111001000011111011010111011000011110111010010001100001001001001100000100001001111011110110101100110101001011011110001111110111000000110110111001100011111010111000100000010000000000010000001100000001110000011100101010101100001001110001101110101011101111101011011101110100100100110100000111111000110110101111110100010100011100110010010110001000101100001110001010001111110011101100111110110110111111001111010110100100001100001001110111101010100000111010000010010111101100100000110101010010111011101101100010100010100101001000100011001001111011111010101000000011010010110011101111010000101001100011011000111101011011110010110100011000001101100011111011001011011001110010000110
01110000011001011000110000101011100101110111111101010101010011000000110010011100011101110001011111011011010011011100001100000111010000010110011111011010101011010110010101101110011100001010000010100011100010010111100010001111011101111000100000001111101111111000100100000000111101011111010001000101000000111001101000110011011100011110011110100110001011001011000010101101001001010111010010101101010110011010001000111000000111101011101000101001101011011001111100100011001000011111100111000110001100001001111011111100011111010100100000101010011010111100100100010011000110111010110101100111000100011110001011001101101101110000000110111010000100100111000011110110111011111111100110000110100000010000011100010111010111011111011001001000101010100001111001100000100111010001000001100100010010111001101111010011
10001111100110100111001111010100011010001000000010101010101100111111001101100011100010001110100000100100101100100011110011111000101111101001100000100101010100101001101010010001100011110101111101011100011101101000011111110000100010000111011111110000010001000111011011111111000010100000101110111010111111000110010111001100100011100001100001011001110100110101111101010010110110101000101101010010101001100101110111000111111000010100010111010110010100100110000011011100110111100000011000111001110011110110000100000011100000101011011111010101100101000011011011101100111001000101001010011000111011100001110100110010010010001111111001000101111011011000111100001001000100000000011001111001011111101111100011101000101000100000100110110111010101011110000110011111011000101110111110011011101101000110010000101100
11101101101110001011000110101101110110000110101011100000111111000100001010001001001100111001001011000101010101101011000001001010100111010101010000100000111100110000011101110111011000010100010011111011010000000111001101111000011010110100101010010010001011101100110000001000111111010101000111011011001111011110011111110010001100111111101001101101010110110110010100111111001110010001100001011010001001000010001001110110001110010000110000010011110000110011011011100001111011100011000101101101000000001101000001011001100001010101101100001000001011101011011010001100000001100111001110011010101101010001000111101010111100111100000110011001011101001100111111011100001111001100100100011010111111101110000101010010001110111100001000100011110110111101011110001011010111011000100110111000110111100011011100111111
01110000011001011000110000101011100101110111111101010101010011000000110010111100011101110001011111011011010011011100001100000111010000010110011111011010101011010110010101101110011100001010000010100011100010010111100010001111010101111001100000001111101111111000100100000001111101011111010001000101000000111001101000110011011100011110011110100110001011001011000010101101001001010111010010101101010110011010001000111000000111101011101000101001101011011001111100100011001100011111100111000110001100001001111011111100011111010100100000101010011010111100000100010011000010111010110101100111000110011110001011001101101101110000000110111010000100100111000011110110111011111111100110001110100000010000011100010111010111011111011001001000101010100001111001100000100111010001000001100100010010011001101111010011
01110000011001011000110000101011100101110111111101010101010011000000110010011100111101110001011111011011010011011100001100000111010000010110011111011010101011010110010101101110011100001010000010100011100010010111100000001111011101111000100000001111101110111000100100000000111101011111010001000101000000111001101000110011011100011110011110100110001011001010000010101101001001010111010010101101010110011010001000111000000111101011101000101001101011011001111100100011001100011111100111000110001100001001111011111100011111010100100000101010011010111100100100010011000110111010110101100111000100011110001011001101101101100000000110111010000100100111000011110110111011111111100110000110100000010100011100010111010111011111011001001000101010100001111001100000100111110001000001100100010010111001101111010011
10001111000000100110011000001000000011010010110000011011001011111011110010110100010010000010110101111110001011011100000110111111111001001011111011010111011000011110111010010101100001001001001100000100001001111011110110101100110101001011011110001111110111000000110110111001100011111010111000100000010000000000010000001100000001111000011100100010101100001001110001101110101011101111101011011101110100100100110100000111111000110110101111110100010100011100110010010110001000101100001110001010001111110011101100111110110110111111001111010010100100001100001001110111101010100000111010000010010111101100100000110101010010111010101101100010100010100101001000100011001001111011111010101000000011010010110011101111010000101001100011011000111101011011110010110100011000001101100011111011001011011001110010000110
01110000011001011000110000101011100100100111111101010101010011000000110010111100011101110001011111011011010011011100001100000111010000010110011111011010101011010110010101101110011100001010000010100011100010010111100000001111011101111000100000001111101111111000110100010000111101011111010001000111000000111001101000110011011100011110011110100110001011001010010010101101001000010111010010101101010111111010001000111000000111101011101000101001101011011001111100100011001100010111100111000110001000001001111011111100011111010100100000101010011010111100000100010011000110111010110101100111000110011110001011001101101101100100000110111010000100100110000011110110111011111111100110000110100000000100011100010111010111011111011001001010100010100001111001100000100111110001000001100100010010011001101111010011
10001111100110100111001111010100011011001000000010101010101100111111001101000011100010001110100000100100101100100011110011111000101111101001100000100101010100101001101010010001100011110101111101011100011101101000011101110000101010000110011111110000010000000111011011101110000010100000101110111010111111000110010111001100100011100001100001011001110100110100101101010010110110101000101101010010101001100101110111000111111000010100010111010110010100100110000011011100110111100000011000111001110011110110000100000011100000101011011111010101100101000011111011101100111101000101001010011000111011100001110100110010010010001111111001000101111011011001111100001001000100000000011001110001011111111111100011101000101000100000100110110101010101011110000110011111011000101110111110011011101101100110010000101100
01110000011001011000110000101011100100110111111101010101010011000000110010011100011101110001011111011011010011011100001100000111010000010110011111011010101011010110010101101110011100001010000010100011100010010111100000001111011101111000100000001111101111111000100100010000111101011111010001000101000000111001101000110011011100011110011110100110001011001011000010101101001001010111010010101101010110011010001000111000000111101011101000101001101011011001111100100011001000011111100111000110001100001001111011111100011111010100100000101010011010111100100100010011000110111010110101100111000110011110001011001101101101110000000110111010000100100110000011110110111011111111100110000110100000010000011100010111010111011111011001001000101010100001111001100000100111010001000001100100010010111001101111010011
10001111100110100111001111010100011011001000000010101010101100111111001101000011100010001110100000100100101100100011110011111000101111101001100000100101010100101001101010010001100011110101111101011100011101101000011111110000100010000111011111110000010000000111001011101111000010100000101110111000111111000110010111001100100011100001100001011001110100110101111101010010110111101000101101010010101001100101110111000111111000010100010111010110010100100110000011011100110011100000011000111001110111110110000100000011100000101011011111010101100101000011111011101100111001000101001010111000111001100001110100110010010010011011111001000101111011011001111100001001000100000000011001111001011111111011100011101000101000100000100110110101011101011110000110011111011000001110111110011011101101100110010000001100
10001111100110100111001111010100011011001000000010101010101100111111001101000011100010001110100000100100101100100011110011111000101111101001100000100101010100101001101010010001100011110101111101011100011101101000011111110000100010000111011111110000010000000111001011101111000010100000101110111000111111000110010111001100100011100001100001011001110100110101111101010010110111101000101101010010101001100101110111000111111000010100010111010110010100100110000011011100110011100000011000111001110111110110000100000011100000101011011111010101100101000011111011101100111001000101001010111000111001100001110100110010010010001011111001000101111011011001111100001001000100000000011001111001011111111011100011101000101000100000100110110101011101011110000110011111011000101110111110011011101101100110010000001100
10001111100110100111001111010100011011011000000010101010101100111111001101000011100010001110100000100100101100100011110011111000101111101001100000100101010100101001101010010001100011110101111101011100011101101000011111110000100010000111011111110000010000000111001011101111000010100000101110111000111111000110010111001100100011100001100001011001110100110101111101010010110111101000101101010010101001100101110111000111111000010100010111010110010100100110000011011100110011100000011000111001110111110110000100000011100000101011011111010101100101000011111011101100111001000101001010111000111011100001110100110010010010001011111001000101111011011001111100001001000100000000011001111001011111111011100011101000101000100000100110110101011101011110000110011111011000101110111110011011101101100110010000001100
10001111100110100111001111010100011011001000000010101010101100111111001101100011100010001110100000100100101100100011110011111000101111101001100000100101010100101001101010010001100011110101111101011100011101101000011111110000100010000111011111110000010001000111011011101111000010100000101110111010111111000110010111001100100011100001100001011001110100110101111101010010110110101000101101010010101001100101110111000111111000010100010111010110010100100110000011011100110011100000011000111001110011110110000100000011100000101011011111010101100101000011011011101100111001000101001010011000111001100001110100110010010010001111111001000101111011011000111100001001000100000000011001111001011111101111100011101000101000100000100110110111010101011110000110011111011000101110111110011011101101000110010000101100
01110000011001011000110000101011100100110111111101010101010011000000110010111100011101110001011111011011010011011100001100000111010000010110011111011010101011010110010101101110011100001010000010100011100010010111100010001111010101111001100000001111101111111000100100010001111101011111010001000101000000111001101000110011011100011110011110100110001011001011010010101101001001010111010010101101010110011010001000111000000111101011101000101001101011011001111100100011001000011111100111000110001100001001111011111100011111010100100000101010011010111100000100010011000010111010110101100111000100011110001011001101101101110000000110111010000100100111000011110110111011111111100110001110100000000000011100010111010111011111011001001010101010100001111001100000100111010001000001100100010010011001101111010011
10001111100110100111001111010100011010001000000010101010101100111111001101100011100010001110100000100100101100100011110011111000101111101001100000100101010100101001101010010001100011110101111101011100011101101000011111110000100010000111011111110000010001000111011011111111000010100000101110111010111111000110010111001100100011100001100001011001110100110101111101010010110110101000101101010010101001100101110111000111111000010100010111010110010100100110000011011100110111100000011000111001110011110110000100000011100000101011011111010101100101000011011011101100111001000101001010011000111001100001110100110010010010001111111001000101111011011000111100001001000100000000011001111001011111101111100011101000101000100000100110110111010101011110000110011111011000101110111110011011101101000110010000101100
01110000111111011001100111110111111100101111001111100100110101000101001101001011101101111001001010000101110100100011111001000000000110111100000100101000100101100001000001101110011110110110110011111011110110100100001001110010001010110100000001110000001001111110001001001100011000000101000011011111100111111111101111110111111110010111100011010101010011010110001010110001010100010000010100100010001011011001001111111000001110001001011000011011101011100011000101100001110111010011110001110101110001001101010011000001001001000000110000101001001011110011110110001000011101011111000101111101101000010011001111001010101101000100010010010111011101011010110111011100110110000100000101010111111100101101001100010010101111010110011100100111000010101100001101001011100101110010010100100100110100100110001101111001
10001111100110100111001111010100011011001000000010101010101100111111001101000011100010001110100000100100101100100011110011111010101111101001100000100101010100101001101010010001100011110101111101011100011101101000011101110000101010000110011111110000010000000111011011101110000010100000101110111010111111000110010111001100100011100001100001011001110100110100101101010010110110101000101101010010101001100101110111000111111000010100010111010110010100100110000011011100110111100000011000111001110001110110000100000011100000101011011111010101100101000011111011101100111101000101001010011000111001100001110100110010010010001111111001000101111011011000111100001001000100000000011001110001011111111111100011101000101000100000100110110101010101011110000110011111011000101110111110011011101101100110010000101100
10001111100110100111001111010100011010001000000010101010101100111111001101100011000010001110100000100100101100100011110011111000101111101001100000100101010100101001101010010001100011110101111101011100011101101000011111110000100010000111011111110000010000000111011011111111000010100000101110111010111111000110010111001100100011100001100001011001110100110100111101010010110110101000101101010010101001100101110111000111111000010100010111010110010100100110000011011100110011100000011000111001110011110110000100000011100000101011011111010101100101000011011011101100111001000101001010011000111011100001110100110010010010011111111001000101111011011000111100001001000100000000011001111001011111101011100011101000101000100000100110110111010101011110000110011111011000001110111110011011101101000110010000101100
10100111001110001011101110111110111100000011101000001010110001101101001000001001101100110010000010010101010100101101100011101110110111100001110000000100110100100001011000010111011000110010110010110011011001100111000101101000110011110111001110110010001111000011010000001001011110010000100000001010001101111111000011011101101001110101111011110001110010110000010100011110101010110001011001000010010010110000101111100111001110000011000101010111011000000111001111000111110011110011001101111101111000001011010011111001101110000001101100000100010111101011100000100100011001000111001110111100111011001000100010101011110001110101100010010001011111001000101101101010000101000001101010101111010111100110011010000011000110101101101101110011100010100110010110001000110111011010100110110000011101110010000101011111
10001111100110100111001111010100011010001000000010101010101100111111001101000011100010001110100000100100101100100011110011111010101111101001100000100101010100101001101010010001100011110101111101011100011101101000011101110000101010000110011111110000010000000111011011111110000010100000101110111010111111000110010111001100100011100001100001011001110100110100111101010010110110101000101101010010101001100101110111000111111000010100010111010110010100100110000011011100110111100000011000111001110001110110000100000011100000101011011111010101100101000011111011101100111101000101001010011000111001100001110100110010010010001111111001000101111011011001111100001001000100000000011001110001011111101111100011101000101000100000100110110111010101011110000110011111011000101110111110011011101101100110010000101100
00011010010001010010011001010000000001111101010100000100000011110010110011100100110011000110001101111010101010011111011100110000011100101110101111010011010010001110110111001000100010101011101100000010000111001001110010001111000101011010100101101101110100001101001111100100100001101101010000101100010100100001110000001111000011000000010110100110101001001111100011010001100101001111010110110101101110101110010110011011111111100110111111100100001111011010010100010110010000001100111100010010010111110100111110000110011000101000100111111111100100010100001101110011110110111000110001100011000100110110011000010101000111100001011101101100101101111011111010110101101101100111011011100001000000001001110010101101100011000111010111001100100001101001001001110110001100100110111111001111001010011100100001000000
10001111100110100111001111010100011010001000000010101010101100111111001101100011100010001110100000100100101100100011110011111000101111101001100000100101010100101001101010010001100011110101111101011100011101101000011111110000100010000111011111110000010001000111011011111111000010100000101110111010111111000110010111001100100011100001100001011001110100110100111101010010110110101000101101010010101001100101110111000111111000010100010111010110010100100110000011011100110111100000011000111001110011110110000100000011100000101011011111010101100101000011011011101100111001000101001010011000111011100001110100110010010010001111111001000101111011011000111100001001000100000000011001111001011111101111100011101000101000100000100110110111010101011110000110011111011000101110111110011011101101000110010000101100
01011010000010111000011110010100000111111000110100011100100011111010111011100110100011000100110100111100101010011011010110110111111001110100101101010010010000011110110111100001101011101010101100000110000011011100111011100111010101001111000110101001111100000000000110100100100001101000011110100001011100010110110100001110010011000011000110001010001000101101110011100011111101001110100100010101110100111101011010010010101011100101010010101000010101101011100100111110001100001110010000011011010101110100111100100110111000001010101111011111111100010110011101100011111110001000110010011001010100101011011000010100010111100001111101100100110100011111000000110001111101100011011011101000000101101001101010111111001000000011010111011100000101010110100011110110011000000111001001011011110110001101000000000100
