01110000011001011000110000101011100101110111111101010101010011000000110010011100011101110001011111011011010011011100001100000111010000010110011111011010101011010110010101101110011100001010000010100011100010010111100000001111011101111000100000001111101111111000100100000000111101011111010001000101000000111001101000110011011100011110011110100110001011001010000010101101001001010111010010101101010110011010001000111000000111101011101000101001101011011001111100100011001000011111100111000110001100001001111011111100011111010100100000101010011010111100100100010011000110111010110101100111000110011110001011001101101101110000000110111010000100100110000011110110111011111111100110000110100000010000010100010111010111011111011001001000101010100001111001100000100111010001000001100100010010111001101111010011
01110000011001011000110000101011100001110111111101010101010011000000110010011100011101110001011111011011010011011100001100000111010000010110011111011010101011010110010101101110011100001010000010100011100011010111100000001111011101111000100000001111101110111000100100000000111101011111010001000101000000111001101000110011011100011110011110100110001011001010000010101101001001010111010010101101010110011010001000111000000111101011101000101001101011011001111100100011001000011111100111000110001000001001111011111100011111010100100000101010011010111100100100010011000110111010110101100111000100011110001011001101101101110000000110111010000100100111000011110110111011111111100110000110100000010100011100010111010111011111011001001000101010100001111001100000100111010001000001100100010010011001101111010011
10001111100110100111001111010100011010001000000010101010101100111111001101000011100010001110100000100100101100100011110011111010101111101001100000100101010100101001101010010001100011110101111101011100011101101000011101110000101010000110011111110000010000000111001011111110000010100000101110111010111111000110010111001100100011100001100001011001110100110100101101010010110110101000101101010010101001100101110111000111111000010100010111010110010100100110000011011100110011100000011000111001110001110110000100000011100000101011011111010101100101000011111011101100111101000101001010001000111001100001110100110010010010001111111001000101111011011000111100001001000100000000011001110001011111111111100011101000101000100000100110110111010101011110000110011111011000101110111110011011101101100110010000101100
10001111100110100111001111010100011011001000000010101010101100111111001101000011100010001110100000100100101100100011110011111010101111101001100000100101010100101001101010010001100011110101111101011100011101101000011111110000101010000110011111110000010000000111011011101111000010100000101110111010111111000110011111001100100011100001100001011001110100110101111101010010110110101000101101010010101001100101110111000111111000010100010111010110010100100110000011011100110011100000011000111001110001110110000100000011100000101011011111010101100101000011111011101100111001000101001010011000111001100001110100110010010010001111111001000101111011011001111100001001000100000000011001110001011111101111100011101000101000100000100110110111010101011110000110011111011000101110111110011011101101000110010000101100
01110010110010011000110000101011101101110111111100010101010111000000110010111100011011111001011110001011010011011110001100000111111000010111010111011010001011010110010101101110011110001010100010100011100010010111100011000111000101101011100000001110101110111000100100000001110101011111010001100111000001111001111100110011011000010110111111100111011011001010010010101101000000010111110010101101010101011010001000011000101111101001101000101001100010011001010100100011011100010110110011010110101110001001011011111100011011010100100011101010011010110100001100010011000110111010110101111101000100011110001111001100101101110000000110011000100000000111000100110110111001111110000111010110110000000000011100010111011111011111011001001010100010100001111001100000101000010101000001000100010010011001101011010010
01110000011001011000110000101011100100110111111101010101010011000000110010111100011101110001011111011011010011011100001100000111010000010110011111011010101011010110010101101110011100001010000010100011100010010111100000001111010101111001100000001111101111111000100100010000111101011111010001000111000000111001100000110011011100011110011110100110001011001010010010101101001001010111010010101101010110011010001000111000000111101011101000101001101011011001111100100011001100011111100111000110001100001001111011111100011111010100100000101010011010111100000100010011000110111010110101110111000110011110001011001101101101110000000110111010000100100110000011110110111011111111100110001110100000000000011100010111010111011111011001001000100010100001111001100000100111010001000001100100010010111001101111010011
10001111100110100111001111010100011010001000000010101010101100111111001101100011000010001110100000100100101100100011110011111000101111101001100000100101010100101001101010010001100011110101111101011100011101101001011111110000100010000110011111110000010000000111011011111111000011100000101110111010111111000110011111001100100011100001100001011001110100110101101101010010110110101000101101010010101001100101110111000111111000010100010111010110010100100110000011011100110011100000011000111001110011110110000100000011100000101011011111010101100101000011111011101100111001000101001010011000111011100001110100110010010010011111111001000101111011011001111100001001000100000000011001111001011111101011100011101000101000100000100110110111010101011110000110011111011000001110111110011011101101000110010000101100
01110000011001011000110000101011100100110111111101010101010111000000110010111100111101110001011111011011010011011100001100000111010000010110011111011010101011010110010101101110011100001010000010100011100010010110100001001111011101111000100000001111101110111000110100000000111101011111010001000101000000111001101000110011011100011110011110100110001011001010010010101101001001010111010010101101010110011010001000111000000111101011101000101001101011011001111100100011001100010111100111000110001000001001111011111100011111010100100000101010011010111100000100010011000110111010110101100111000100011110001011001101101001100000000110111010000100100111000011110110111011111111100110000110100000000100011100010111010111011111011001001010101010100001111001100000100111110001000001100100010010011001101111010011
01110000011001011000110000101011100001110111111101010101010011000000110010011100011101110001011111011011010011011100001100000111010000010110011111011010101011010110010101101110011100001010000010100011100010010111100100001111011101111000100000001111101111111000100100000000111101011111010001000101000000111001101000110011011100011110011110100110001011001011000010101101001001010111010010101101010110011010001000111000000111101011101000101001101011011001111100100011001100011111100111000110001100001001111011111100011111010100100000101010011010111100100100010011000110111010110101100111000110011110001011001101101101110000000110111010000100100111000011110110111010111111100110000110100000010000010100010111010111011111011001001000101010100001111001100000100111010001000001100100010010111001101111010011
01110000011001011000110000101011100000110111111101010101010111000000110010011100011101110001011111011011010011011100001100000111010000010110011111011010101011010110010101101110011100001010000010100011100010010111100000001111011101111000100000001111101110111000100100010000111101011111010001000101000000111001101000110011011100011110011110100110001011001010000010101101001001010111010010101101010110011010001000111000000111101011101000101001101011011001111100100011001100011111100111000110001100001001111011111100011111010100100000101010011010111100100100010011000110111010110101100111000100011110001011001101101101110000000110111010000100100111000011110110111011111111100110000110100000010000011100010111010111011111011001001000101010100001111001100000100111110001000001100100010010111001101111010011
10001111100110100111001111010100011011001000000010101010101100111111001101000011100010001110100000100100101100100011110011111010101111101001100000100101010100101001101010010001100011110101111101011100011101101000011101110000100010000111011111110000010000000111011011111110000010100000101110111010111111000110010111001100100011100001100001011001110100110101101101010010110110101000101101010010101001100101110111000111111000010100010111010110010100100110001011011100110111100000011000111001110011110110000100000011100000101011011111010101100101000011111011101100111001000101001010011000111011100001110100110010010010001111111001000101111011011001111100001001000100000000011001111001010111111111100011101000101000100000100110110101010101011110000110011111011000101110111110011011101101100110010000101100
10001111100110100111001111010100011010001000000010101010101000111111001101100011100010001110100000100100101100100011110011111000101111101001100000100101010100101001101010010001100011110101111101011100011101101000011101110000100010000111011111110000010001000111011011101111000010100000101110111010111111000110010111001100100011100001100001011001110100110101111101010010110110101000101101010010101001100101110111000111111000010100010111010110010100100110000011011100110111100000011000111001110011110110000100000011100000101011011111010101100101000011011011101100111001000101001010011000111011100001110100110010010010001111111001000101111011011000111100001001000100000000011001111001011111101111100011101000101000100000100110110111010101011110000110011111011000101110111110011011101101100110010000101100
01110000011001011000110000101011100100110111111101010111010011000000110010111100011101110001011111011011010011011100001100000111010000010110010111011010101011010110010101101110011100001010000010100011100010010111100000001111010101111001100000001111101111111000110100010000111101011111010001000111000000111001101000110011011100011110011110100110001011001010000010101101001000010111010010101101010110011010001000111000000111101011101000101001101011011001111100100011001100011111100111000110001010001001111011111100011111010100100000101010011010111100100100010011000110111010110101100111000110011110001011001101101101110000000110111010000100100111000011110110111011111111100110000110100000000100011100010111010111011111011001001010100010100001111001100000100111010001000001100100010010111001101111010011
01110000011001011000110000101011100000110111111101010101010011000000110010011100011101110001011111011011010011011100001100000111010000010110011111011010101011010110010101101110011100001010000010100011100010010111100000001111011101111000100000001111101111111000100100010000111101011111010001000101000000111001101000110011011100011110011110100110001011001011000010101101001001010111010010101101010110011010001000111000000111101011101000101000101011011001111100100011001100011111100111000110001100001001111011111100011111010100100000101010011010111100100100010011000110111010110101100111000110011110001011001101101101110000000110111010000100100110000011110110111011111111100110000110100000010000011100010111010111011111011001001000101010100001111001100000100111010001000001100100010010111001101111010011
10001111100110100111001111010100011010001000000010101010101100111111001101000011100010001110100000100100101100100011110011111000101111101001100000100101010100101001101010010001100011110101111101011100011101101000011111110000100010000111011111110000010000000111001011111111000010100000101110111000111111000110010111001100100011100001100001011001110100110101111101010010110111101000101101010010101001100101110111000111111000010100010111010110010100100110000011011100110011100000011000111001110011110110000100000011100000101011011111010101100101000011111011101100111001000101001010111000111011100001110100110010010010011011111001000101111011011001111100001001000100000000011001111001011111111011100011101000101000100000100110110111011101011110000110011111011000001110111110011011101101100110010000001100
01110000011001011000110000101011100100110111111101010101010011000000110010111100011101110001011111011011010011011100001100000111010000010110011111011010101011010110010101101110011100001010000010100011100010010111100000001111011101111000100000001111101111111000110100010000111101011111010001000111000000111001101000110011011100011110011110100110001011001011010010101101001000010111010010101101010110011010001000111000000111101011101000101001101011011001111100100011001100011111100111000110001100001001111011111100011111010100100000101010011010111100000100010011000110111010110101100111000110011110001011001101101101110000000110111010000100100110000011110110111011111111100110000110100000000100011100010111010111011111011001001000100010100001111001100000100111010001000001100100010010011001101111010011
10001111100110100111001111010100011010001000000010101110101100111111001101000011100010001110100000100100101100100011110011111000101111101001100000100101010100101001101010010001100011110101111101011100011101101000011111110000100010000111011111110000010000000111011011111111000010100000101110111010111111000110010111001100100011100001100001011001110100110101111101010010110110101000101101010010101001100101110111000111111000010100010111010110010100100110000011011100110011100000011000111001110011110110000100000011100000101011011111010101100101000011111011101100111001000101001010001000111011100001110100110010010010001111111001000101111011011000111100001001000100000000011001111001011111101111100011101000101000100000100110110111010101011110000110011111011000101110111110011011101101100110010000101100
01110000011001011000110000101011100001110111111101010111010011000000110010011100011101110001011111011011010011011100001100000101110000010110011111011010101011010110010101101110011100001010000010100011100011010111100010001111010101111001100000001111101110111000100100000000111101011111010001000101000000111001101000110011011100011110011110100110001011001011000010101101001001010111010010101101010110011010001000111000000111101011101000101001101011011001111100100011001100011111100111000110001100001001111011111100011111010100100000101010011010111100100100010011000110111010110101100111000100011110001011001101101101110000000110111010000100100111000011110110111011111111100110000110100000010000011100010111010111011111011001001000100010100001111001100000100111010001000001100100010010011001101111010011
10001111100110100111001111010100011010001000000010101010101100111111001101000011000010001110100000100100101100100011110011111000101111101001100000100101010100101001101010010001100011110101111101011100011101101000011111110000101010000110011111110000010000000111011011111111000010100000101110111010111111000110010111001100100011100001100001011001110100110101111101010010110110101000101101010010101001100101110111000111111000010100010111010110010100100110000011011100110011100000011000111001110011110110000100000011100000101011011111010101100101000011111011101100111001000101001010011000111011100001110100110010010010011111111001000101111011011000111100001001000100000000011001110001011111101011100011101000101000100000100110110111010101011110000110011111011000001110111110011011101101100110010000101100
00011010010001010010011001010000000001111101010100000100000011110010110011100110110011000110001101111010101010011111011100110000011100101110101111010011010010001110110111001000100010101011101100000010000111001001111010001111000101011010100101101101110100001101001111100100100001101101010000101100010100100001110000001111000011000000010110100110101001001111100011010001100001001111010110110101101110101110010110011011111111100110111111100100001111011010010100011110010000011100111100010010011111110100111110000110011000101000100111111111100100010100001101110011110110111000110001100001000100110110011000010101000110100001011101101100101101111011111010110101111101100111011010100001000000001001110010101101100011000111010111001100100001101001001001110110001100100110111111001111001010001100100001000000
10100101111110101111101101101111111101000011101011100001011100000101000100011001001110111001011101000110010100100010101011100000100111011101010000101000101111100001001100111110011101010100010001111010111010110101001101100001001010110100011001010000001110111110110001001000011111000011100011011111100111011100001111110001101100101111111001011001110010110100001010111110001010110001010011001010101001001000101101101000001110011000101000011111110000000001001101100001100011111011101111101100000000001111000111001001000101000111010000001001001011100001110010001100011011101010001100011100101101010000011110001001111100011110100010010011011110000100101111011100100010011100100101010110111100110111011000000010101110110110001100100011101110101100011110001011000101011101100100110100100001110011011110111011
01010010010001110100010000000011000001111101010100011111000011111011110001100110010011000100110100111010101010011101110110110011011000101110101111011111010000001110110111010000100010101010101100000100000111011001111010000111110101001011010101101101110110010101001111100110101001101110011000100101010100100101100000001101010011000000010110100110001001001011101011100010110110101110101110100101110100111111010010001000110011111110000001111000011101111001100000111110000100001100011010010010010101110000101110100110010010001010001111110011110100010100000001110011111110010000110011101101010110110110111000010101000111101001111001100110100100110011010000110011110101100011011011111000000001111001111010101101111000000011010111011100001101110000100000110110001100101111011001001011000110001101100000000100
10001111100110100111001111010100011011001000000010101010101100111111001101000011100010001110100000100100101100100011110011111000101111101001100000100101010100101001101010010001100011110101111101011100011101101000011111110000100010000111011111110000010000000111001011101111000010100000101110111000111111000110010111001100100011100001000001011001110100110101101101010010110111101000101101010010101001000101110111000111111000010100010111010110010100100110000011011100110011101000011000111001110111110110000100000011100000101011011111010101100101000011111011101100111001000101001010011000111001100001110100110010010010011111111001000101111011011001111100001001000100000000011001111001011111111011101011101000101000100000100110110101011101011110000110011111011000001110111110011011101101100110010000101100
01110000011001011000110000101011100001110111111101010101010011000000110010011100011101110001011111011011010011011100001100000111010000010110011111011010101011010110010101101110011100001010000010100011100010010111100000001111010101111001100000001111101111111000100100000000111101011111010001000101000000111001101000110011011100011110011110100110001011001010010010101101001001010111010010101101010110011010001000111000000111101011101000101001101011011001111100100011001000011111100111000110001100001001111011111100011111010100100000101010011010111100000100010011000110111010110101100111000100011110001011001101101101110000000110111010000100100110000011110110111011111111100110000110100000010000011100010111010111011111011001001000101010100001111001100000100111010001000001100100010010111001101111010011
10001111100110100111001111010100011011001000000010101010101100111111001101100011100010001110100000100100101100100011110011111000101111101001100000100101010100101001101010010001100011110101111101011100011101101000011101110000100010010111011111110000010001000111011011101111000010100000101110111010111111000110010111001100100011100001100001011001110100110100111101010010110110101000101101010010101001100101110111000111111000010100010111010110010100100110000011011100110011100000011000111001110011110110000100000011100000101011011111010101100101000011011011101100111001000101001010001000111011100001110100110010010010001111111001000101111011011000111100001001000100000000011001111001011111101111100011101000101000100000100110110111010101011110000110011111011000101110111110011011101101000110010000101100
00011010000001100101011101001000000001011000010000011011001010111000110011110110110010000110111101111011101010011100000110111111111101000011100001010111011010011111101010010001100011001001001100000100101101001000110110111111111101001010111110001101110000010001011111100001100000101010111000100000010000000000110000001100000011100000010110111010011101001011100011000000111001001101100111111101110100100101110100011101111001110100111111101100000111111100110010011110001001101100101000011000011111110110101110111110110010111111000011010100101100001100001101110011100110000000111010010110010100101110110000110101010010000011111001101110110110110001001000100101011101010011010010100000010011011000110011101101110001000011100011011000011101011011111011110110001010001100111001111011000011001101100010000110
10001111100110100111001111010100011011001000000011101010101100111111001101100011100010001110100000100100101100100011110011110000101111101001100000100101010100101001101010010001100011110101111101011100011101101000011111110000100010000111011111110000010000000111001011101111000010100000101110111010111111000110010111001100100011100001100001011001110100110100111101010010110111101000101101010010101001100101110111000111111000010100010111010110010100100110000011011100110011100000011000111001110011110110000100000011100000101011011111010101100101000011011011101100111001000101001010011000111001100011110100110010010010011111111001000101111011011000111100001001000100000000011001111001011111101011101011101000101000100000100110110111010101011110000110011111011000001110111110011011101101000110010000101100
10111000011000001010010100001001100101110001111100010001001101110000010010110100111011101111111111011011110001011100001100000101111001000110011111111010101010011110010111101010100000001111100001101011110010010110110111000111011101111010100010001100110001101101111110000000100101010111000001000001000101011011110000111001011000011111011101111110101001001010100010100101000000010111110010111101010110101010001000110000101000011101101001101000110011011000010100100010011001110100110111001110001001011111111111001100001101011110110010101000010010101100001110010011010110111000100101000111000100011110001111111100100111111101001110101000100000100111000111110100111011010110100110000110101000010101010100010111010111010100001011001011111000100001101001011101001100000100101001000100000001011101010001110000
01110000011001011000110000101011100100110111111101010101010011000000110010011100011101110001011111011011010011011100001100000111010000010110011111011010101011010110010101101110011100001010000010100011100010010111100000001111011101111001100000001111101111111000110100010000111101011111010001000101000000111001100000110011011100011110011110100110001011001011000010101101001001010111010010101101010110011010001000111000000111101011101000101001101011011001111100100011001100011111100111000110001100001001111011111100011111010100100000101010011010111100100100010011000110111010110101000111000110011110001011001101101101110000000110111010000100100110000011110110111011111111100110000110100000010000010100010111010111011111011001001000101010100001111001100000100111110001000001100100010010111001101111010011
11101101101110001011000110101101110110000110101011100000111101000100001010001001001100111001001011000101010101101011000001001010100111010101010000100000111100110000011101110111011000010100010011111011010000000111001101111000011010110100101010010010001011101100110000001000111111010101000111011011001111011110011111110010001100111111101001101101010110110110010100111111001110010001100001011010001001000010001001110110001110010000110000010011110000110011011011100001111011100011000101101101000000001101000001011001100001010101101100001000001011101011011010001100000001100111001110011010101101000001000111101010111100111100000110011001011101001100111111011100001111001100100100011000111111101110000101010010001110111100001000110011110110111101011110001011010111011000100110111000110111100011011100111111
10001111100110100111001111010100011010001000000010101010101100111111001101000011100010001110100000100100101100100011110011111010101111101001100000100101010100101001101010010001100011110101111101011100011101101000011101110000101010000110011111110000010000000111011011111111000010100000101110111000111111000110010111001100100011100001100001011001110100110101101101010010110110101000001101010010101001100101110111000111111000010100010111010110010100100110000011011100110011100000011000111001110001110110000100000011100000101011011111010101100101000011111011101100111001000101001010011000111011100001110100110010010110001111111001000101111011011000111100001001000100000000011001111001011111111111100011101000101000100000100110110111010101011110000110011111011000101110111110011011101101100110010000101100
10100111001110001011101110111110111100000011101000001010110001101101001000001001101100110010000010010101110100101101100011100110110111100001100000000100110100100001011000010111011000110010110010110011011001100111000101101000110011110111001110110010001111000011010000001001011110010000100000001010001101011111000111011101101001110101111011110001110010110000010100011110101010110000011001000010010010110000101111100111001110000011000101010111011000000111001111000111110011110011001101111101111010001011010011111001101110000011101100000100010111101011100000100100011001000111001110111100111011001000100010101011110001110111100010010001011111001000101101101010000100000001101010101111010111100110011110000011000110101101101101110011100010100111010110001000110111011010100110110000011101110010000101011111
01110000011001011000110000101011100100110111111101010101010011000000110010111100011101110001011111011011010011011100001100000101010000010110011111011010101011010110010101101110011100001010000010100011100010010111100010001111011101111000100000001111101111111000100100010000111101011111010001000101000000111001101000110011011100011110011110100110001011001010010010101101001001010111010010101101010110011010001000111000000111101011101000101000101011011001111100100011001100011111100111000110001100001001111011111100011111010100100000101010011010111100000100010011000110111010110101100111000110011110001011001101101101110000000110111010000100100111000011110110111011111111100110000110100000000000011100010111010111011111011001001010101010100001111001100000100111010001000001100100010010011001101111010011
01110000011001011000110000101011100101110111111101010111010011000000110010111100111101110001011111011011010011011100001100000111010000010110011111011010101011010110010101101110011100001010000010100011100010010111100000001111010101111001100000001111101111111000100100000000111101011111010001000101000000111001100000110011011100011110011110100110001011001011010010101101001001010111010010101101010110011010001000111000000111101011101000101001101011011001111100100011001000011111100111000110001000001001111011111100011111010100100000101010011010111100000100010011000110111010110101100111000100011110001011001101101101100000000110111010000100100111000011110110111011111111100110000110100000010100011100010111010111011111011001001000101010100001111001100000100111110001000001100100010010111001101111010011
11101101101110001011001110101101110110000111101011100000111101000100001010001001101100111001001011000100010101101011000001001010100111110101010000100000101100110000011101110111011000010100010011111011010000000111001101101000011010110100101010010010001111101100110000001000111111010101000111011011001111011110011111110010001100111111101001001101010110110100010100111111001110110011000001011010001001000010001001110111001110010000110000010011110000110011011011100001111011100011000101101101000000001101000101011001100101000101101000001000001011101011011010001100000001100110001110011010101101010001000111100010111100111100000110011001011001000100111111011100001011011100100100011110111111101110000101010010001110111100001000100011110110111100011110001011010111010000100110111000110111110011011100011111
01110000011001011000110000101011100101110111111101010101010011000000110010111100011101110001011111011011010011011100001100000111010000010110011111011010101011010110010101101110011100001010000010100011100010010111100000001111010101111001100000001111101111111000100100010000111101011111010001000101000000111001101000110011011100011110011110100110001011001011010010101101001001010111010010101101010110011010001000111000000111101011101000101001101011011001111100100011001100011111100111000110001100001001111011111100011111010100100000101010011010111100000100010011000110111010110101100111000110011110001011001101101101100000000110111010000100100111000011110110111011111111100110001110100000010000011100010111010111011111011001001000100010100001111001100000100111110001000001100100010010111001101111010011
10001111100110100111001111010100011010001000000010101010101100111111001101100011100010001110100000100100101100100011110011111000101111101001100000100101010100101001101010010001100011110101111101011100011101101000011111110000100010000111011111110000010001000111011011101111000010100000101110111010111111000110010111001100100011100001100001011001110100110100111101010010110110101000101101010010101001100101110111000111111000010100010111010110010100100110000011011100110111100000011000111001110011110110000100000011100000101011011111010101100101000011011011101100111001000101001010111000111001100001110100110010010010001111111001000101111011011000111100001001000100000000011001111001010111101111100011101000101000100000100110110111010101011110000110011111011000101110111110011011101101000110010000101100
10001111100110100111001111010100011111001000000010101010101100111111001101100011100010001110100000100100101100100011110011111000101111101001100000100101010100101001101010010001100011110101111101011100011101101000011111110000100010000111011111110000010000000111001011101111000010100000101110111010111111000110010111001100100011100001100001011001110100110100111101010010110110101000101101010010101001100101110111000111111000010100010111010110010100100110000011011100110011100000011000111001110011110110000100000011100000101011011111010101100101000011011011101100111001000101001010011000111011100001110100110010010010001111111001000101111011011000111100001001000100000000011001111001010111101011100011101000101000100000100110110111010101011110000110011111011000101110111110011011101101000110010000101100
10001101001101100111001111010100011010000000000011101010101000111111001101000011100100001110100001110100101100100001110011111010000101101000100000100001110100101001101010010001100001110101011101011100111101101011011100111000111010010100011111110001010001000111011011111110001010100000101110011000110110000110000011001100100111111001000001011000000100110100101101010010111111101000001101010010101010100101110111100111010000010110010111010110011101100110001011011100100011101001001100101001010001110110100100000011100100101011001100010101100101000011110011101100111101000101001010000010111011100001110000110010010010001111111001101111011111111000111011001001000110000000111000101001011111111111100011101000101000100000100110110111011101011110010110010111010111101010111110111011001101100110010100101101
00001111100001110110011100000011000011011000010000011110000000111011110001110000010010000010101111111010001010110101010110111001111110101010101110010111011010111111101010000101101011101001001100000101001001111001111010111101110101001011011110001101110110000000001111110001000001101010111110100100111000010000100010001100100011100000000100100010110100101001110101001000110111100110101111011100110100111100110110001110111001110100110111111100010100111100110010011100001000101100001010010000011111110010101100101010111110101011011111010110110100001100001101001011111110010100011010000110010110101110110000110001010010110000111101100110100011100001001000000011001101100001011010101000010011010010110010101101001001101001100011111000111001010010100010110110011000000111011011111111001111001000100000000100
10001111100110100111001111010100011011001000000010101010101100111111001101100011100010001110100000100100101100100011110011111000101111101001101000100101010100101001101010010001110011110101111101011100011101101000011111110000100010000111011111110000010000000111001011101111000010100000101110111000111111000110010111001100100011100001100001011001110100110101111101010010110111101000101101010010101001100101110111000111111000010100010111010010010100100110000011011100110011100000011000111001110011110110000100000011100000101011011111010101100101000011011011101100111001000101001010111000111011100011110100110010010010001011111001000101111011011000111100001001000100000000011001111001011111101011100011101000101000100000100110110111010101011110000110011111011000101110111110011011101101000110010000101100
01110000011001011000110000101011100000110111111101010101010011000000110010011100111101110001011111011011010011011100001100000111010000010110011111011010101011010110010101101110011100001010000010100011100010010110100000001111011101111000100000001111101110111000100100000000111101011111010001000101000000111001101000110011011100011110011111100110001011001011000010101101001001010111010010101101010110011010001000111000000111101011101000101000101011011001111100100011001100011111100111000110001100001001111011111100011111010100100000101010011010111100100100010011000110111010110101100111000100011110001011001101101101100000000110111010000100100111000011110110111011111111100110000110100000010100011100010111010111011111011001001000101010100001111001100000100111110001000001100100010010111001101111010011
01110000011001011000110000101011100101110111111101010101010011000000110010011100011101110001011111011011010011011100001100000111010000010110011111011010101011010110010101101110011100001010000010100011100010010111100010001111011101111000100000001111101111111000110100000000111100011111010001000101000000111001101000110011011100011110011110100110001011001010000010101101001001010111010010101101010110111010001000111000000111101011101000101001101011011001111100100011001100011111100111000110001100001001111011111100011111010100100000101010011010111100100100010011000110111010110101000111000100011110001011001101101101110000000110111010000100100110000011110110111011111111100110000110100000010000011100010111010111011111011001001000101010100001111001100000100111110001000001100100010010111001101111010011
01110000011001011000110000101011100100110111111101010101010011000000110010111100111101110001011111011011010011011100001100000111010000010110011111011010101011010110010101101110011100001010000010100011100010010111100000001111010101111001100000001111101111111000100100010001111101011111010001000101000000111001101000110011011100011110011110100110001011001011010010101101001001010111010010101101010110011010001000111000000111101011101000101000101111011001111100100011001000011111100111000110001000001001111011111100011111010100100000101010011010111100000100010011000010111010110101100111000100011110001011001101101101100000000110111010000100100110000011110110111011111111100110001110100000000100011100010111010111011111011001001010101010100001111001100000100111110001000001100100010010111001101111010011
01110000011001011000110000101011100100110111111101010101010011000000110010111100011101110001011111011011010011011100001100000111010000010110011111011010101011010110010101101110011100001010000010100011100010010111100000001111011101111000100000001111101111111000110100010000111101011111010001000111000000111001101000110011011100011110011110100110001011001010010010101101001000010111010010101101010110011010001000111000000111101011101000101001101011011001111100100011001000011111100111000110001100001001111011111100011111010100100000101010011010111100000100010011000110111010110101100111000110011110001011001101101101100100000110111010000100100110000011110110111011111111100110000110100000000100011100010111010111011111011001001000001010100001111001100000100111110001000001100100010010111001101111010011
01110000111110011001110111110111111100101101001111100100110101000100001101001011101101111001001010000101110100100010111001000000000110111100000100101000100101100001010001101110011110110110110011111011110110100100001001110010001010110100100001110000001001111110001001001100011000000101000111011111100111111111101111110111111110011111100011011101010011010110001010110001000100010001010100100010001011011001001111111000000111001001011000011011101011100011000101100001110111010011110001110101110000001101010011000001001001000000110000101001001011110011110110001000011101011111000101111101101000010011001111001010101101000101010010010101011101011010110111011100110110000100100101010111111100101101001100010010101111010110011100100111000010101100001101000011100101110010010100100100110100100110001101111001
01110000011001011000110000101011100100110111111101010111010011000000110010111100011101110001011111011011010011011100001100000111010000010110011111011010101011010110010101101110011100001010000010100011100010010111100000001111010101111001100000001111101111111000100100010000111101011111010001000101000000111001101000110011011100011110011110100110001011001010010010101101001001010111010010101101010110011010001000111000000111101011101000101000101011011001111100100011001100011111100111000110001010001001111011111100011111010100100000101010011010111100000100010011000110111010110101100111000100011110001011001101101101110000000110111010000100100111000011110110111011111111100110001110100000000100011100010111010111011111011001001010101010100001111001100000100111010001000001100100010010011001101111010011
10001111100110100111001111010100011011001000000010101010101100111111001100000011100010001110100000100100101100100011110011111000101111101001100000100101010100101001101010010001100011110101111101011100011101101000011111110000101010000110011111110000010000000111001011101110000010100000101110111000111111000110010111001100101011100001000001011001110100110101111101010010110111101000101101010010101001100101110111000111111000010100010111010011010000100110000011011100110011100000011000111001110111110110000100000011100000101011011111010101100101000011110011101100111001000101001010111000111011100011110100110010010010011111111001000101111011011000111100001001000100000000011001111001011111111011100011101000111000100000100110110101011101011110000110011111011000001110111110011011101101100110010000001100
10001111100110100111001111010100011011001000000010101010101100111111001101100011100010001110100000100100101100100011110011111000101111101001100000100101010100101001101010010001100011110101111101011100011101101000011101110000100010000111011111110000010000000111001011111111000010100000101110111010111111000110010111001100100011100001100001011001110100110101111101010010110110101000101101010010101001100101110111000111111000010100010111010110010100100110000011011100110111100000011000111001110011110110000100000011100000101011011111010101100101000011011011101100111001000101001010011000111001100001110100110010010010001111111001000101111011011000111100001001000100000000011001111001011111101111100011101000101000100000100110110111010101011110000110011111010000001110111110011011101101000110010000101100
10001111100110100111001111010100011011001000000010101010101100111111001101000011100010001110100000100100101100100011110011111000101111101001100000100101010100101001101010010001100011110101111101011100011101101000011111110000101010000110011111110000010000000111011011101111000010100000101110111010111111000110010111001100100011100001100001011001110100110101101101010010110110101000101101010010101001100101110111000111111000010100010111010110010100100110000011011100110111100000011000111001110001110110000100000011100000101011011111010101100101000011111011101100111001000101001010001000111011100001110100110010010010001111111001000101111011011000111100001001000100000000011001111001011111111111100011101000101000100000100110110101010101011110000110011111011000101110111110011011101101000110010000101100
10001111100110100111001111010100011011001000000010101100101100111111001101100011100010001110100000100100101100100011110011111000101111101001100000100101010100101001101010010001100011110101111101011100011101101000011011110000100010010111011111110000010000000111011011101111000010100000101110111010111111000110010111001100100011100001100001011001110100110100111101010010110110101000101101010010101001100101110111000111111000010100010111010111010000100110000011011100110111100000011000111001110011110110000100000011100000101011011111010101100101000011011011101100111001000101001010011000111001100001110100110010010010001111111001000101111011011001111100001001000100000000011001111001011111101111101011101000101000100000100110110111010101011110000110011111011000101110111110011011101101000110010000101100
01110000011001011000110000101011100100110111111101010101010011000000110010011100011101110001011111011011010011011100001100000111010000010110011111011010101011010110010101101110011100001010000010100011100010010111100000001111011101111000100000001111101111111000100100010000111101011111010001000101000000111001101000110011011100011110011110100110001011001010000010101101001001010111010010101101010110011010001000111000000111101011101000101001101011011001111100100011001000011111100111000110001000001001111011111100011111010100100000101010011010111100100100010011000110111010110101100111000110011110001011001101101101110000000110111010000100100111000011110110111011111111100110000110100000010100011100010111010111011111011001001010101010100001111001100000100111010001000001100100010010111001101111010011
01110000011001011000110000101011100100110111111101010101010011000000110010111100011101110001011111011011010011011100001100000101010000010110011111011010101011010110010101101110011100001010000010100011100010010111100010001111010101111001100000001111101111111000100100010001111101011111010001000101000000111001101000110011011100011110011110100110001011001011010010101101001001010111010010101101010110011010001000111000000111101011101000101001101011011001111100100011001100011111100111000110001110001001111011111100011111010100100000101010011010111100000100010011000010111010110101100111000110011110001011001101101101110000000110111010000100100110000011110110110011111111100110001110100000000000011100010111010111011111011001001010101010100001111001100000100111010001000001100100010010011001101111010011
01011010001001010010010010010010000011111000010100011110000011111010111011100110110011000110100010111011101111011101010110011111011000100110101111010111010000001110111011001001100011101011101100000101001101001010010010001110110101001011100110101101110101100000001110110111100001111110011000101000011000100001100000001110010011010000000110100110001101001011111111000001110101001110101000110100010101110100010010010111111001100111011111100000001111111100110010011110011100000100010000010011110111110000111000010110111010111000111111110110110100011100001001110011101110010100110010100011010010101111100011110110000011100001011101100100100001111011010000100011011101100011011010101001000000001001100111111101010001001011110011011100010001010010100001110100111010100110011001001011011010001100100001000100
01110000011001011000110000101011100100110111111101010101010011000000110010111100011101110001011111011011010011011100001100000111010000010110011111011010101011010110010101101110011100001010000010100011100010010111100010001111010101111000100000001111101111111000100100010001111100011111010001000111000000111001101000110011011100011110011110100110001011001011010010101101001001010111010010101101010110011010001000111000000111101011101000101001101011011001111100100011001100011111100111000110001100001001111011111100011111010100100000101010011010111100000100010011000010111010110101100111000100011110001011001101101101110000000110111010000100100110000011110110111011111111100110001110100000000000011100010111010111011111011001001010101010100001111001100000100111110001000001100100010010111001101111010011
10001111100110100111001111010100011010001000000010101010101100111111001101000011000010001110100000100100101100100011110011111010101111101001100000100101010100101001101010010001100011110101111101011100011101101000011101110000101010000111011111110000010000000111011011111110000010100000101110111010111111000110010111001100100011100001100001011001110100110100101101010010110110101000101101010010101001100101110111000111111000010100010111010110010100100110000011011100110111100000011000111001110001110110000100000011100000101011011111010101100101000011111011101100111101000101001010011000111011100001110100110010010010011111111001000101111011011000111100001001000100000000011001110001011111101111100011101000101000100000100110110111110101011110000110011111011000001110111110011011101101100110010000101100
10001111100110100111001111010100011010001000000010101010101100111111001101000011100010001110100000100100101100100011110011111010101111101001100000100101010100101001101010010001100011110101111101011100011101101000011101110000101010000110011111110000010000000111011011111111000010100000101110111010111111000110011111001100100011100001100001011001110100110101101101010010110110101000101101010010101001100101110111000111111000010100010111010110010100100110000011011100110011100000011000111001110001110110000100000011100000101011011111010101100101000011111011101100111001000101001010011000111011100001110100110010010110001111111001000101111011011000111100001001000100000000011001110001011111111111100011101000101000100000100110110111011101011110000110011111011000101110111110011011101101100110010000101100
10001111100110100111001111010100011011001000000011101000101100111111001101000011100010001110100000100100101100100011110011111000101111101001100000100101010100101001101010010001100011110101111101011100011101101000011111110000100010000111011111110000010000000111001011101111000010100000101110111000111111000110010111001100100011100001100001011001110100110101101101010010110111101000101101010010101001100101110111000111111000010100010111010110010100100110000011011100110011100000011000111001110111110110000100000011100000101011011111010101100101000011111011101100111001000101001010111000111011100001110100110010010010001011111001000101111011011001111100001001000100000000011001111001011111111011100011101000101000100000100110110101011101011110000110011111011000001110111110011011101101100110010000001100
00010010010001110100010001010010001001111001010100011111000010111011110101110110010011000110110100111010101010010100111110110101011000101110101111011111010011001111100010001000100111101011101100000100101111011000110010010111100101001011010101101101110000010011001111110111000000101010111000100100110000100001100000001101110011000000010110110010101001001011101011000001110001001100111110100101110110110100110110001001110001101111001111101100001111001100100100011110000100011100111010010010111111110010111010100110011010111010010111110111110100010100100101110011101110011001110001100101010010101110011000011101000011000011111001100110100110111011001000100011110100100011011011100101000000010001111010101101110001000011010111011100001001000011100001110100101000101111011001001111001000001100100011000000
10001111100110100111001111010100011011001000000010101010101100111111001101100011100010001110100000100100101100100011110011111000101111101001100000100101010100101001101010010001100011110101111101011100011101101000011011110000100010000111011111110000010000000111011011101111000010100000101110111010111111000110010111001100100011100001100001011001110100110100111101010010110110101000101101010010101001100101110111000111111000010100010111010111010000100110000011011100110111100000011000111001110011110110000100000011100000101011011111010101100101000011011011101100111001000101001010011000111001100001110100110010010010001111111001000101111011011001111100001001000100000000011001111001011111101111101011101000101000100000100110110111010101011110000110011111011000101110111110011011101101000110010000101100
01110010110010011000110000101011100101110111111100010101010111000000110010111100011011111001011110001011010011011110001100000101110000010111010111011010001011010110010101101110011110001010100010100011000010010111100011000111000101101011100000001110101110111100100100000001110101011111010001100111000001111001111100110011011000010110111111100111111011001010010010101101000000010111110010101101010101011010001000011000101111101001101000101001100010011001010100100011011100010110110011010110101110001001011011111100011011010100110011101010011010111100001100010011000110111010110101111101000100011110001111001100101101110000000110011000100000000111000100110110111001111110000111010110110000000000011100010111010111011111011001001010100010100001111001100000100000010101000001000100010010111001101111010010
10001111000110100111001111011100010010000000100011101010101000111111001100000011100100000010100001110100100100100001110011111010001111101000101000100001110101101001100010010101110001110111011101011100101101101100011000111000111010110100011111111011010001000011011011101111001010110000101110011100111110000110001011001100100111101001001001011000000100110101101111010011111110111000001101010010101010100101110111100111010000010110010101010110010001100110101011011100100111101001001100101011010001110010000001101011100100101011011100010101000101000011010011101100101001000101001010001010111011100001110000010011000000001111111001000111011111111000101011001001000100000001111001101100001111111111100011101010101000101000100100110111110100011110000110011111010111101011111110111011101101000010010100101101
10111000011000001010010100001001100101110001111100010001001101110000010010110100111011101111111111011011110001011100001101000100111001000110011111111010101010011010010111101010100000001110100001101011110010010110110111000111011101111010100010001100110001101101111111000000100101010111000001000001000101011011100000111001011000010111011101111110101001001010100010100101100000010111110010111101010110101010001000110000101000011101101001101001110011011000010100100010011001110100110111001110001101011111111111001100001101011110110010101000010010101100001110010111000110111000100101000111000100011110001011111100100111111101001110101000100000100111000111110100111011010111100110000110101000010101010100010111010111010100001011001011111000100001101001011101001100000100101001000100000001011101010001110000
10001111000101100111001111011100010010010000100001101010100000111111001100000011100100000010100001110110101100100001110011111010001111101001101000100101110101111001101010010101110001110101011101011100101101101000011100111000111010010100011111111011010001000011011011101110001010110000101110111100111110000110001011001100100111101001000000011000000100110111101111010010111110111000001101010010101000100101110111100111010000010110010111010110010000100110101011011100100011101001001100101011010001110010100101100011100110101011011100010101001100000001110011101100101001000101001010001010111011100011110000010011000000001111111001000111011111100000101011001001000100000001111000101000001111111111100011101010001000101001100100110111111100011110000110010111110011101011111110111011101101000010010100101101
01110000011001011000110000101011100100100111111101010101010011000000110010111100011101110001011111011011010011011100001100000111110000010110011111011010101011010110010101101110011100001010000010100011100010010111100000001111011101111000100000001111101110111000110100010000111101011111010001000111000000111001101000110011011100011110011110100110001011001010000010101101001000010111010010101101010110011010001000111000000111101011101000101001101011011001111100100011001100011111100111000110001000001001111011111100011111010100100000101010011010111100100100010011000110111010110101000111000110011110001011001101101101110100000110111010000100100111000011110110111011111111100110000110100000000100010100010111010111011111011001001010100010100001111001100000100111010001000001100100010010011001101111110011
01110000011001011000110000101011100100110111111101010101010011000000110010111100011101110001011111011011010011011100001100000111010000010110011111011010101011010110010101101110011100001010000010100011100010010111100010001111010101111001100000001111101111111000110100010001111101011111010001000101000000111001101000110011011100011110011110100110001011001011010010101101001001010111010010101101010110011010001000111000000111101011101000101001101011011001111100100011001100011111100111000110001100001001111011111100011111010100100000101010011010111100000100010011000010111010110101100111000110011110001011001101101101110000000110111010000100100111000011110110111011111111100110001110100000000000011100010111010111011111011001001000101010100001111001100000100111010001000001100100010010011001101111010011
10001111100110100111001111010100011011001000000010101010101100111111001101000011100010001110100000100100101100100011110011111000101111101001100000100101010100101001101010010001100011110101111101011100011101101000011111110000100010000111011111110000010000000111001011101111000010100000101110111000111111000110010111001100100011100001100001011001110100110101111101010010110111101000101101010010101001100101110111000111111000010100010111010110010100100110000011011100110011100000011000111001110111110110000100000011100000101011011111010101100101000011011011101100111001000101001010011000111001100001110100110010010010011011111001000101111011011001111100001001000100000000011001111001011111111011101011101000101000100000100110110101011101011110000110011111011000001110111110011011101101100110010000001100
10001111100110100111001111010100011010001000000010101010101100111111001101000011100010001110100000100100101100100011110011111000101101101001100000100101010100101001101010010001100011110101111101011100011101101000011101110000101010000110011111110000010000000111011011101111000010100000101110111000111111000110010111001100100011100001100001011001110100110100101101010010110110101000101101010010101001100101110111000111111000010100010111010110010100100110000011011100110011100000011000111001110011110110000100000011100000101011011111010101100101000011111011101100111101000101001010011000111001100011110100110010010010001111111001000101111011011001111100001001000100000000011001110001011111111111100011101000101000100000100110110111011101011110000110011111011000101110111110011011101101100110010000101100
01110000011001011000110000101011100100110111111101010101010011000000110010011100011101110001011111011011010011011100001100000111010000010110011111011010101011010110010101101110011100001010000010100011100010010111100000001111011101101001100000001111101111111000110100010000111101011111010001000101000000111001101000110011011100011110011110100110001011001010000010101101001001010111010010101101010110011010001000111000000111101011101000101001101011011001111100100011001000011111100111000110001100001001111011111100011111010100100000101010011010111100000100010011000110111010110101100111000110011110001011001101101101110000000110111010000100100111000011110110111011111111100110000110100000010000011100010111010111011111011001001000101010100001111001100000100111010001000001100100010010111001101111010011
10011111000101100111001111010110011010010000110001101010100000111111001100100011000100000010100000110110101110100011110010111010101110101001101000100101010101111111101000010101110111110101111100010100101101101001011100110000100010010101010111111011010000000001001011110101000000110000111110101101111100100111001011001100100011101001000110011000010110110101101011010010111111111001001001010010101010110101110111100101110000110100010111010110000110100111101011011000100011001111001100111001110010110010100000100011000110101010001100010100101100011001111001101110101001000101011010011010111010100011110100010011010000000111110001010111011111001000101000001001000100000001111011101000000011110011100011101000001000101001110100110111111100011110010010110110110011101111111110111011101100000010000110101101
01110000011001011000110000101011100100110111111101010101010011000000110010111100011001110001011111011011010011011100001100000101010000010110011111011010101011010110010101101110011100001010000010100011100010010111100010001111010101111001100000001111101111111000110100010001111101011111011001000101000000111001101000110011011100011110011110100110001011001001010010101101001001010111110010101101010110011010001000111000000111101011101000101001101011011001111100100011001000011111100111000110001100001001111011111100011111010100100000101010011010111100000100010011000010111010110101100111000100011110001011001101101001110000000110111010000100100110000011110110111011111111100110001110100000000000011100010111010111011111011001001000101010100001111001100000100111110101000001100100010010011001101111010011
01110000011001011000110000101011100101110111111101010101010011000000110010111100111101110001011111011011010011011100001100000101010000010110011111011010101011010110010101101110011100001010000010100011100010010111100000001111010101111001100000001111101111111000100100000000111101011111010001000101000000111001101000110011011100011110011110100110001011001010010010101101001001010111010010101101010110011010001000111000000111101011101000101001101011011001111100100011001000011111100111000110001110001001111011111100011111010100100000101010011010111100000100010011000110111010110101100111000100011110001011001101101101100000000110111010000100100111000011110110111011111111100110000110100000000100011100010111010111011111011001001000101010100001111001100000100111110001000001100100010010011001101111010011
10001111100110100111001111010100011010001000000010101010101100111111001101100011100010001110100000100100101100100011110011111010101111101001100000100101010100101001101010010001100011110101111101011100011101101000011001110000101010000110011111110000010001000111011011111111000011100000101110111010111111000110010111001100100011100001100001011001110100110100111101010010110110101000101101010010101001100101110111000111111000010100010111010110010100100110000011011100110111100000011000111001110001110110000100000011100000101011011111010101100101000011011011101100111001000101001010011000111011100001110100110010010010011111111001000101111011011000111100001001000100000000011001111001011111101111100011101000101000100000100110110111010101011110000110011111011000001110111110011011101101000110010000101100
10001111100110100111001111010100011010001000000010101010101000111111001101000011100010001110100000100100101100100011110011111010101111101001100000100101010100101001101010010001100011110101111101011100011101101000011101110000100010000111011111110000010000000111011011111111000010100000101110111010111111000110010111001100100011110001100001011001110100110100101101010010110110101000101101010010101001100101110111000111111000010100010111010110010100100110000011011100110011100000011000111001110011110110000100000011100000101011011111010101100101000011111011101100111001000101001010011000111011100001110100110010010110001111111001000101111011011001111100001001000100000000011001111001010111111111100011101000101000100000100110110111010101011110000110011111011000101110111110011011101101100110010000101100
10001111100110100111001111010100011011001000000010101010101100111111001101000011100010001110100000100100101100100011110011111000101111101001100000100101010100101001101010010001100011110101111101011100011101101000011111110000101010000110011111110000010000000111011011101111000010100000101110111000111111000110010111001100100011100001100001011001110100110101101101010010110110101000101101010010101001100101110111000111111000010100010111010110010100100110000011011100110011100000011000111001110011110110000100000011100000101011011111010101100101000011111011101100111001000101001010011000111011100001110100110010010010011111111001000101111011011000111100001001000100000000011001111001011111111011100011101000101000100000100110110111011101011110000110011111011000001110111110011011101101000110010000101100
01110000011001011000110000101011100100110111111101010101010011000000110010111100011101110001011111011011010011011100001100000111010000010110011111011010101011010110010101101110011100001010000010100011100010010111100000001111010101111001100000001111101111111000110100000000111101011111010001000111000000111001101000110011011100011110011110100110001011001010010010101101001000010111010010101101010110011010001000111000000111101011101000101001101011011001111100100011001100011111100111000110001000001001111011111100011111010100100000101010011010111100000100010011000110111010110101100111000110011110001011001101101101100000000110111010000100100111000011110110111011111111100110001110100000000100011100010111010111011111011001001010101010100001111001100000100111110001000001100100010010011001101111010011
01110000011001011000110000101011100100110111111101010101010011000000110010111100011101110001011111011011010011011100001100000101010000010110011111011010101011010110010101101110011100001010000010100011100010010111100000001111010101110001100000001111101111111000100100010001111101011111010001000101000000111001101000110011011100011110011110100110001011001010000010101101001001010111010010101101010110011010001000111000000111101011101000101000101011011001111100100011001000011111100111000110001110001001111011111100011111010100100000101010011010111100000100010011000110111010110101100111000110011110001011001101101101110000000110111010000100100110000011110110111011111111100110001110100000000000011100010111010111011111011001001000101010100001111001100000100111010001000001100100010010011001101111010011
01110000011001011000110000101011100100110111111101010101010011000000110010111100011101110001011111011011010011011100001100000101010010010110011111011010101011010110010101101110011100001010000010100011100010010111100010001111010101111001100000001111101111111000100100010001111101011111010001000101000000111001101000110011011100011110011110100110001011001011000010101101001001010111010010101101010110011010001000111000000111101011101000101001101011011001111100100011001000011111100111000110001110001001111011111100011111010100100000101010011010111100000100010011000010111010110101100111000100011110001011001101101101110000000110111010000100100110000011110110110011111111100110001110100000010000011100010111010111011111011001001000101010100001111001100000100111010001000001100100010010011001101111010011
10001111100110100111001111010100011011001000000010101010101100111111001101000011100010001110100000100100101100100011110011110000101111101001100000100101010100101001101010010001100011110101111101011100011101101000011101110000101010000111011111110000010000000111011011101110000010100000101110111000111111000110010111001100100011100001100001011001110100110100101101010010110110101000101101010010101001100101110111000111111000010100010111010110010100100110000011011100110011100000011000111001110011110110000100000011100000101011011111010101100101000011111011101100111101000101001010011000111011100001110100110010010110001111111001000101111011011000111100001001000100000000011001110001011111111111100011101000101000100000100110110111011101011110000110011111011000101110111110011011101101100110010000101100
01110000011001011000110000101011100100110111111101010101010011000000110010111100011101110001011111011011010011011100001100000111010000010110011111011010101011010110010101101110011100001010000010100011100010010111100000001111011101111000100000001111101111111000100100010001111101011111010001000111000000111001101000110011011100011110011110100110001011001010010010101101001001010111010010101101010110011010001000111000000111101011101000101001101011011001111100100011001100011111100111000110001100001001111011111100011111010100100000101010011010111100000100010011000110111010110101100111000110011110001011001101101101110000000110111010000100100110000011110110111011111111100110000110101000000000010100010111010111011111011001001000100010100001111001100000100111010001000001100100010010011001101111010011
01110000011001011000110000101011100100110111111101010111010011000000110010111100011101110001011111011011010011011100001100000111010000010110011111011010101011010110010101101110011100001010000010100011100010010111100010001111010101111001100000001111101111111000100100010001111101011111010001000111000000111001101000110011011100011110011110100110001011001011010010101101001001010111010010101101010110011010001000111000000111101011101000101001101011011001111100100011001100011111100111000110001100001001111011111100011111010100100000101010011010111100000100010011000010111010110101100111000110011100001011001101101101110000000110111010000100100111000011110110111011111111100110001110100000000000011100010111010111011111011001001010100010100001111001100000100111110001000001100100010010011001101111010011
10001111100110100111001111010100011010001000000010101010101100111111001101000011100010001110100000100100101100100011110011111000101111101001100000100101010100101001101010010001100011110101111101011100011101101000011101110000101010000110011111110000010000000111011011111110000010100000101110111000111111000110010111001100100011100001100001011001110100110100101101010010110110101000101101010010101001100101110111000111111000010100010111010110010100100110000011011100110011100000011000111001110111110110000100000011100000101011011111010101100101000011111011101100111101000101001010001000111001100001110100110010010010001111111001000101111011011001111100001001000100000000011001110001011111111111100011101000101000100000100110110111011101011110000110011111011000101110111110011011101101100110010000101100
01110000011001011000110000101011100101110111111101010101010011000000110010011100011101110001011111011011010011011100001100000101010000010110011111011010101011010110010101101110011100001010000010100011100010010111100000001111011101111001100000001111101111111000100100000000111101011111010001000101000000111001101000110011011100011110011110100110001011001010000010101101001001010111010010101101010110011010001000111000000111101011101000101001101011011001111100100011001000011111100111000110001100001001111011111100011111010100100000101010011010111100000100010011000110111010110101100111000100011110001011001101101101110000000110111010000100100110000111110110111011111111100110000110100000010000011100010111010111011111011001001000101010100001111001100000100111110001000001100100010010111001101111010011
10001111100110100111001111010100011011001000000010101010101100111111001101000011000010001110100000100100101100100011110011111000101101101001100000100101010100101001101010010001100011110101111101011100011101101000011101110000101010000111011111110000010000000111011011111111000011100000101110111010111111000110010111001100100011100001100001011001110100110100101101010010110110101000101101010010101001000101110111000111111000010100010111010110010100100110000011011100110111100000011000111001110101110110000100000011100000101011011111010101100101000011111011101100111101000101001010011000111011100001110100110010010110011111111001000101111011011000111100001001000100000000011001110001011111111011100011101000101000100000100110110101010101011110000110011111011000001110111110011011101101000110010000101100
10001111100110100111001111010100011011001000000010101010101100111111001101000011100010001110100000100100101100100011110011111000101111101001100000100101010100101001101010010001100011110101111101011100011101101000011111110000100010000111011111110000010000000111001011101111000010100000101110111000111111000110010111001100100011100001100001011001110100110101101101010010110011101000101101010010101001000101110111000111111000010100010111010110010000100110000011011100110011100000011000111001110111110110000100000011100000101011011111010101100101000011111011101100111001000101001010111000111001100001110100110010010010011111111001000101111011011100111100001001000100000000011001111001011111111011101011101000101000100000100110110101011101011110000110011111011000001110111110011011101101100110010000101100
10100111001110001011101110111110111100000011101000001010110001101101001000001001101100110010000010010101010100101101100011101110110111100001110000000100110100100001011000010111011000110010110010110011011001100111000101101000110011110111001110110010001111000011010000001001011110010000100000001010001101111111000011011101101001110101111011110001110010110000010100011110101010110001011001000010010010110100101111100111001110000011000101010111011000000111001111000111110011110011001101111101111000001011010011111001101110000001101100000100010111101011100000100100011001000111001110111100111011001000100010101011110001110101100010010001011111001000101101101010000101000001101010101111010111100110011010000011000110101101101101110011100010100110010110001100110111011010100110110000011101110010000101011111
01110000011001011000110000101011100101110111111101010101010011000000110010111100011101110001011111011011010011011100001100000111010000010110011111011010101011010110010101101110011100001010000010100011100010010111100010001111010101111001100000001111101111111000110100000001111101011111010001000101000000111001101000110011011100011110011110100110001011001010010010101101001001010111010010101101010110011010001000111000000111101011101000101001101011011001111100100011001100010111100111000110001100001001111011111100011111010100100000101010011010111100000100010011000110111010110101100111000110011110001011001101101101110000000110111010000100100111000011110110111011111111100110000110100000000000011100010111010111011111011001001000101010100001111001100000100111010001000001100100010010011001101111010011
01110000011001011000110000101011100101110111111101010101010011000000110010111100011101110001011111011011010011011100001100000111010000010110011111011010101011010110010101101110011100001010000010100011100010010111100010001111010101111001100000001111101111111000100100000001111101011111010001000111000000111001101000110011011100011110011110100110001011001011010010101101001001010111010010101101010110011010001000111000000111101011101000101001101011011001111100100011001100011111100111000110001100001001111011111100011111010100100000101010011010111100000100010011000010111010110101100111000100011110001011001101101101110000000110111010000100100111000011110110111011111111100110001110100000000000011100010111010111011111011001001000000010100001111001100000100111010001000001100100010010011001101111010011
01110010110010011000110000101011101101110111111100010101010111000000110010111100011011111001011110001011010011011110001100000101110000010111010111011010001011010110010101101110011110001010100010100011100010010111100011000111000101101011100000001110101110111100100100000001110101011111010001100111000001111001111100110011011000010110111111100111011011001000010010101101000001010111110010101101010101011010001000011000101111101001101000101001100010011001010100100011011100010110110011010100101110001001011011111100011011010100100011101010011010111100001100010011000110111010110101111101000100011110001111001100101101110000000110011000100000000111000100110110111001111110000111010110110000000000011100010111011111011111011001001010100010100001111001101000100000010101000001000100010010111001101111010010
01110000111110011001100111110111111100101101001111100100110101000101001101001011101101111001001010000101110100100010111001000000000110111100000100101000100111100001010101101110011110110110110011111011110110100100001001110010001010110100100001110000001001111110001001001100011000000101000111011111100111111111101111110111111110010111100011011101010011010110001010110001010100010000010100000010001011011001001111111000001111001001011000011011101011100011001101100001110111010011110001110101110000001101010011000011001001000000110100101001001011110011110110001000010101011111000101111101101000010011001111001010101101000100010010010101011101011010110111011100110110000100100101010111101100100101001100000010101111110110011100100111000010100100001101001011100101110010010100100100110100100110001101111101
11110000111111010000110111110110111100101101001111100101110000000101001101001001101111111100000010000001110001100010111001000100000110111100000100101011100101100001010101101010011100010110110011111010110110000000011001010010001010110100101000110000001001111111101001001110011001001101000111011111100111111111101101110011011110011111101011011101010011110110011110010001011100010000010100100010001011011011001111110000000110001001000000001011101011100111001101101001110111010011110011110111100001001100010011000001000001000000111100101001011011110011110110001000011101011101100101111101101000010011011111001010101101001100010010010101001101011010110111011100110110000100100101010111101100101101001101110010101111010110011100100111000010001100001101000001100111110010010100100000110100100110001101111001
10100101111110101111101101101101111101000011101011100001111100000101000100011001001110111001001101000110010100100010101011100000100111011101010000100000101111110001001100110110011101010100010001111010110010110101001101100001001010110100011001010010001110001110110001001000011111000011100111010111000111011100011111110000101100101111111001111001110010110100000010111110001010110001010111011010101001001000101101101100001110011000101000011111110000000001001111110001100011110011101101101100001000001111000111001001000101000111010000011000001011100001110110001100010011101010001101011100101101010000001100001001101100011100100010011011011111000100101111011100100010011100100101010110111100111111011000000010001110111110001100100011101110101101011110001011000101011001100100110100100001110011011110111011
01110000011001011000110000101011100100110111111101000101010011000000110010011100111101110001011111011011010011011100001100000101010000010110011111011010101011010110010101101110011100001010000010100011100010010111100000001111011101111000100000001111101110111000110100010000111101011111010001000101000000111001101000110011011100011110011110100110001011001011000010101101001001010111010010101101010110111010001000111000000111101011101000101000101111011001111100100011001100011111100111000110001100001001111011111100011111010100100000101010011010111100100100010011000110111010110101100111000100011110001011001101101101100000000110111010000100100111000011110110111011111111100110000110100000010100011100010111010111011111011001001000101010100001111001100000100111110001000001100100010010111101101111010011
01110000011001011000110000101011100100110111111101010101010011000000110010011100011101110001011111011011010011011100001100000111010000010110011111011010101011010110010101101110011100001010000010100011100010010111100000001110011101111000100000001111101111111000100100010000111101011111010001000101000010111001100000110011011100011110011110100110001011001011000010101101001001010111010010101101010110011010001000111000000111101011101000101001101011011001111100100011001100011111100111000110001100001001111011111100011111010100100000101010011010111100100100010011000110111010110101100111000110011110001011001101101101110000000110111010000100100110000011110110111011111111100110000110100000010000011100010111010111011111011001001000101010100001111001100000100111010001000001100100010010111001101111010011
10001111100110100111001111010100011011001000000010101010101100111111001101000011100010001110100000100100101100100011110011111000101111101001100000100101010100101001101010010001100011110101111101011100011101101000011101110000100010000111011111110000010000000111011011101111000010100000101110111000111111000110010111001100100011100001100001011001110100110100101101010010110110101000101101010010101001100101110111000111111000010100010111010110010100100110000011011100110011100000011000111001110011110110000100000011100000101011011111010101100101000011111011101100111001000101001010011000111001100011110100110010010110001111111001000101111011011000111100001001000100000000011001111001011111111111100011101000101000100000100110110111011101011110000110011111011000001110111110011011101101100110010000101100
10001111100110100111001111010100011011001000000010101010101100111111001101000011100010001110100000100100101100100011110011111000101111101001100000100101010100101001101010010001100011110101111101011100011101101000011111110000101010000110011111110000010000000111001011101110000010100000101110111010111111000110010111001100100011100001100001011001110100110101101101010010110110101000101101010010101000100101110111000111111000010100010111010110010100100110000011011100110111101000011000111001110011110110000100000011100000101011011111010101100101000011111011101100111001000101001010111000111001100001110100110010010010001111111001000101111011011001111100001001000100000000011001110001011111111111100011101000101000100000100110110111010101011110000110011111011000101110111110011011101101000110010000101100
01110000011001011000110000101011100101110111111101010101010011000000110010011100011101110001011111011011010011011100001100000111010000010110011111011010101011010110010101101110011100001010000010100011100010010111100010001111011101111000100000001111101111111000100100000000111101011111010001000101000000111001101000110011011100011110011110100110001011001011000010101101001001010111010010101101010110011010001000111000000111101011101000101001101011011001111100100011001100011111100111000110001100001001111011111100011111010100100000101010011010111100000100010011000110111010110101100111000100011110001011001101101101110000000110111010000100100111000011110110111011111111100110000110100000010000011100010111010111011111011001001000101010100001111001100000100111010001000001100100010010111001101111010011
10100101111110101111101101101101111101000011101011100001111100000101000100011001001110111001001101000110010100100010101011100000100111011101010000100000101111100001001100110110011101010100010001111010110010110101001101100001001010110100011001010000001110001110110001001000011111000011100011010111000111011110011111110000101100101111111001011001110010110100001010111111001010110001010111011010101001001000101101101100001110011000101000011111110000000001001111110001100011111011101101101100001000001111000111001001000101000111010000011000001011100001110110001100010011101010001101011100101101010000001100001001101100011100100010011011011111000100101111011100100010011100100101010110111100111111011000000010101110111110001100100011101110101101011110001011000101011001100100110100100001110011011110111011
10001111100110100111001111010100011010001000000010101010101100111111001101000011100010001110100000100100101100100011110011111010101111101001100000100101010100101001101010010001100011110101111101011100011101101000011111110000101010000110011111110000010000000111001011111111000010100000101110111010111111000110010111001100100011100001100001011001110100110100101101010010110110101000101101010010101001100101110111000111111000010100010111010110010100100110000011011100110011100000011000111001110001110110000100000011100000101011011111010101100101000011111011101100111001000101001010011000111001100001110100110010010010001111111001000101111011011000111100001001000100000000011001110001011111111111100011101000101000100000100110110111010101011110000110011111011000101110111110011011101101100110010000101100
01110000011001011000110000101011100101110111111101010101010011000000110010011100011101110001011111011011010011011100001100000111010000010110011111011010101011010110010101101110011100001010000010100011100010010111100000001111011101111000100000001111101111111000100100000000111101011111010001000101000000111001101000110011011100011110011110100110001011001010000010101101001001010111010010101101010110011010001000111000000111101011101000101001101011011001111100100011001100011111100111000110001100001001111011111100011111010100100000101010011010111100100100010011000110111010110101100111000110011110001011001101101101110000000110111010000100100110000011110110111011111111100110000110100000010000011100010111010111011111011001001000101010100001111001100000100111010001000001100100010010111001101111010011
