11011001100110
00111100000000
11000000000000
11001100110011
11101110111011
10001000100000
11010001000100
10000100010000
11010101010101
00111100000000
10010001000000
11001100110011
11101110111011
01110100001101
00111100000000
01100000001000
00111100000000
00111100000000
01100000001000
00111100000000
10110011000000
10101010100000
01110100001101
11111011101110
01001100000011
10110011000000
00111100000000
10110011000000
11001100110011
11000100010001
11111011101110
10100010000000
00111100000000
11110011001100
10110111010000
11011001100110
11001100110011
01110100001101
11110011001100
11101010101010
10010101010000
01000100000001
01010100000101
11110111011101
10001000100000
11111011101110
00111100000000
11010101010101
10010101010000
10110111010000
10001000100000
10101110110000
11110011001100
01011000000110
01010100000101
00111100000000
11101110111011
00111100000000
10011001100000
10101110110000
10110011000000
11101010101010
10110111010000
10011001100000
11110111011101
01111000001110
10100110010000
01101100001011
01000100000001
00111100000000
01110000001100
11010101010101
11101110111011
11011001100110
11010101010101
10110111010000
00111100000000
10111111110000
10010101010000
01110100001101
10100010000000
10111011100000
10111111110000
11011001100110
01101100001011
11010101010101
11001100110011
11000100010001
10011101110000
01011000000110
10010101010000
00111100000000
00111100000000
10111011100000
10101110110000
00111100000000
00111100000000
01111000001110
11010101010101
00111100000000
10111111110000
10101110110000
10111111110000
01100100001001
00111100000000
01010000000100
00111100000000
11011001100110
11001100110011
01010100000101
11011101110111
01111000001110
10110011000000
01101100001011
10011101110000
10011001100000
11000100010001
10101110110000
11100110011001
01111100001111
11111011101110
11101110111011
01011100000111
11111011101110
11111011101110
11011001100110
11101010101010
00111100000000
11111011101110
01011000000110
01010100000101
10110011000000
01001000000010
01111100001111
11101010101010
00111100000000
10101110110000
11011001100110
01101000001010
11001000100010
10101110110000
10100010000000
01111000001110
11001000100010
10010101010000
11001100110011
11100110011001
00111100000000
11001100110011
10100110010000
10101110110000
10010001000000
11001100110011
11001000100010
01010000000100
11100110011001
11000100010001
01011000000110
10001100110000
10111011100000
11000100010001
11101010101010
11010101010101
11010001000100
11110111011101
01101100001011
00111100000000
10100110010000
11000100010001
11110011001100
11110011001100
00111100000000
01011000000110
11100110011001
11000100010001
10111011100000
10100010000000
01001100000011
11100110011001
11001100110011
00111100000000
11000100010001
01100000001000
11110111011101
11110011001100
01101100001011
01111000001110
11111011101110
11000000000000
10111111110000
11110011001100
11111011101110
01001000000010
11011001100110
11111011101110
11000100010001
10010101010000
00111100000000
01011100000111
10100010000000
