11010000100001000
10100011000100000
00111110000000000
10101111011100000
11001000010000100
11010000100001000
10110101101000000
01001100000000110
10100111001100000
10010110101100000
11000100001000010
10101011010100000
10111001110000000
00111110000000000
11000000000000000
10011010110100000
11000100001000010
10111101111000000
00111110000000000
01101000000010100
00111110000000000
01011000000001100
10001010010100000
10110111101100000
00111110000000000
11000100001000010
00111110000000000
00111110000000000
11101001010010100
11110101101011010
10010010100100000
10101111011100000
10000010000100000
11110001100011000
00111110000000000
11001100011000110
01111000000011100
00111110000000000
10100011000100000
01010100000001010
01010100000001010
11110001100011000
11110101101011010
00111110000000000
10100011000100000
11010100101001010
10000110001100000
10101111011100000
10010110101100000
11100101001010010
11110001100011000
01100100000010010
01000100000000010
11110001100011000
11101001010010100
11101001010010100
11101001010010100
11110001100011000
00111110000000000
01111100000011110
00111110000000000
10111011110100000
10001000010000000
10101111011100000
01111000000011100
11111001110011100
00111110000000000
10111111111100000
01101000000010100
00111110000000000
11011100111001110
00111110000000000
00111110000000000
01101000000010100
10111001110000000
10100011000100000
10011010110100000
10100101001000000
10010100101000000
01110100000011010
10111111111100000
11100101001010010
11111101111011110
10011010110100000
10010010100100000
10000010000100000
01000100000000010
00111110000000000
10011000110000000
01001100000000110
10100111001100000
00111110000000000
11110001100011000
00111110000000000
11010100101001010
00111110000000000
00111110000000000
10101101011000000
00111110000000000
00111110000000000
01110010000011001
11000100001000010
10111001110000000
01011000000001100
10110111101100000
00111110000000000
11111001110011100
01111000000011100
11111001110011100
11010000100001000
00111110000000000
00111110000000000
11101101011010110
01111100000011110
11010000100001000
10111011110100000
10111101111000000
11010100101001010
10111101111000000
11100101001010010
00111110000000000
11100101001010010
11101001010010100
01011000000001100
00111110000000000
11011000110001100
11111001110011100
10110111101100000
11001000010000100
01011100000001110
11100001000010000
01010010000001001
00111110000000000
01110000000011000
11010000100001000
10011100111000000
00111110000000000
10110101101000000
00111110000000000
11100101001010010
10000010000100000
00111110000000000
10011100111000000
11001000010000100
11011000110001100
10111111111100000
11111001110011100
01011010000001101
11011000110001100
10100111001100000
11001100011000110
11100101001010010
11000000000000000
10101101011000000
11100001000010000
10000110001100000
11010000100001000
01010010000001001
01111000000011100
11101001010010100
11000100001000010
11010100101001010
11000100001000010
10100101001000000
10011110111100000
00111110000000000
10000010000100000
00111110000000000
01100000000010000
11101001010010100
10100101001000000
01000100000000010
11100101001010010
01001100000000110
10000010000100000
10000110001100000
11100001000010000
11110101101011010
10110101101000000
11001100011000110
10101011010100000
11100001000010000
00111110000000000
00111110000000000
10100111001100000
10011000110000000
11001100011000110
11000000000000000
11111001110011100
10110111101100000
01101010000010101
11010000100001000
01110000000011000
10011010110100000
11001000010000100
00111110000000000
11000100001000010
11001000010000100
10110101101000000
11110001100011000
