01010000000000010000
11010000010000010000
00100111000000000000
10101000101000000000
10000100000100000000
11101000101000101000
00100111000000000000
10100100100100000000
00100111000000000000
11000000000000000000
11001100001100001100
00100111000000000000
00100111000000000000
11001000001000001000
11011000011000011000
01100010000000100010
10010010010010000000
00100111000000000000
10111000111000000000
11010000010000010000
10000110000110000000
10110100110100000000
00100111000000000000
01011000000000011000
01010100000000010100
11010000010000010000
11010000010000010000
00100111000000000000
10101100101100000000
00100111000000000000
10101100101100000000
10111010111010000000
11010000010000010000
10011000011000000000
11000000000000000000
00100111000000000000
10110100110100000000
00100111000000000000
10100000100000000000
01001000000000001000
00100111000000000000
01000100000000000100
10010100010100000000
00100111000000000000
11101000101000101000
11000000000000000000
01110010000000110010
11101000101000101000
10101000101000000000
10110100110100000000
01111000000000111000
01101100000000101100
11000000000000000000
11110000110000110000
11101000101000101000
01000100000000000100
01110100000000110100
00100111000000000000
10100100100100000000
11111100111100111100
00111011000000000000
11000100000100000100
00100111000000000000
01111000000000111000
11111000111000111000
00100111000000000000
01101000000000101000
01111000000000111000
01111100000000111100
10111100111100000000
01010000000000010000
10000100000100000000
01101000000000101000
01010100000000010100
01010100000000010100
00100111000000000000
11111100111100111100
11000100000100000100
10100110100110000000
01110000000000110000
00100111000000000000
11011000011000011000
10101010101010000000
01111100000000111100
11100000100000100000
10001000001000000000
11000000000000000000
10110110110110000000
11011000011000011000
00100111000000000000
11011100011100011100
00100111000000000000
01011100000000011100
01011010000000011010
10011100011100000000
00100111000000000000
01110100000000110100
10110100110100000000
11011000011000011000
11110000110000110000
10000010000010000000
10111000111000000000
10110100110100000000
11011000011000011000
11001000001000001000
00100111000000000000
10101100101100000000
01111000000000111000
11001000001000001000
11011100011100011100
11011000011000011000
01111100000000111100
11110000110000110000
11010100010100010100
11000000000000000000
11111000111000111000
10011000011000000000
10110100110100000000
11011000011000011000
10111000111000000000
00100111000000000000
01010000000000010000
10001010001010000000
11100100100100100100
10001000001000000000
00100111000000000000
00100111000000000000
11101000101000101000
10110010110010000000
11011000011000011000
00100111000000000000
11000100000100000100
11110000110000110000
10110110110110000000
00100111000000000000
10100000100000000000
00100111000000000000
11000000000000000000
01010000000000010000
01111000000000111000
11010000010000010000
00100111000000000000
00100111000000000000
10100000100000000000
11001000001000001000
00100111000000000000
11000100000100000100
00100111000000000000
11000000000000000000
11000000000000000000
01011000000000011000
00100111000000000000
11000000000000000000
11101100101100101100
11000000000000000000
11001100001100001100
10000001000001000000
10010100010100000000
00100111000000000000
00100111000000000000
11000100000100000100
00100111000000000000
10010100010100000000
00100111000000000000
00100111000000000000
11101000101000101000
00100111000000000000
01011100000000011100
11111000111000111000
01110000000000110000
01100000000000100000
00100111000000000000
11000000000000000000
11100000100000100000
11000100000100000100
10001000001000000000
01010000000000010000
11100000100000100000
10101100101100000000
01100010000000100010
11110000110000110000
10001010001010000000
01001100000000001100
11000100000100000100
11010000010000010000
00100111000000000000
00100111000000000000
10111010111010000000
11110000110000110000
10110100110100000000
01110010000000110010
10101010101010000000
11010000010000010000
11001000001000001000
11101000101000101000
01110000000000110000
01001000000000001000
11001000001000001000
10011110011110000000
01000100000000000100
