11000010000
01001100000
11000010000
10101001010
11010010100
10110001100
10010000100
01001100000
11100011000
10100001000
10000000000
01001100000
11000010000
11000010000
11000010000
01001100000
10000000000
11001010010
01001100000
10110001100
01001100000
11001010010
11110011100
10111001110
10110001100
01001100000
10000000000
11110011100
11101011010
01001100000
11110011100
10001000010
11010010100
10000100001
11101011010
01001100000
01001100000
10101001010
01001100000
01001100000
10000000000
10100001000
11100011000
01001100000
11010010100
10010000100
10100001000
01001100000
01001100000
10010000100
01001100000
10101001010
11110011100
10101001010
01001100000
11101011010
10010000100
01001100000
11100011000
10110001100
01001100000
10010000100
01001100000
11110011100
01001100000
01001100000
11110011100
11111011110
01001100000
01001100000
01001100000
10100001000
01110100000
10110001100
01001100000
10010000100
10110001100
11101011010
10110001100
10010000100
10110001100
01001100000
10000000000
01001100000
10100001000
11010010100
01001100000
11100011000
10000000000
01001100000
01001100000
01001100000
11011010110
10100001000
01001100000
10110001100
01001100000
01001100000
10110001100
11000010000
01001100000
10101001010
10111001110
01001100000
01001100000
01001100000
01001100000
01001100000
11111011110
11001010010
11100011000
01001100000
01001100000
10111001110
10110001100
10110001100
10101001010
10111001110
10110001100
11100011000
11001010010
01001100000
01001100000
11100011000
11100011000
10100001000
10011000110
10111001110
01001100000
01001100000
01001100000
11100011000
10100001000
01110100000
01001100000
11000010000
11000010000
10010000100
10001000010
01001100000
10010000100
10010000100
01001100000
11101011010
01001100000
01001100000
11001010010
10000000000
11101011010
11001010010
01001100000
10100001000
10010000100
10101001010
01001100000
11100011000
11110011100
10000100001
01001100000
11110011100
10111001110
01001100000
11011010110
01001100000
11110011100
10110001100
11000010000
10100001000
11000010000
10001000010
11101011010
11010010100
01001100000
01001100000
01001100000
01001100000
11000010000
10110001100
10100001000
11100011000
10001000010
01001100000
01001100000
01001100000
11110011100
01001100000
11110011100
11110011100
01001100000
01001100000
11110011100
10010000100
10110001100
10001000010
01001100000
10100001000
11110011100
10110001100
10001000010
10010000100
