000111000000000
110110110110000
111000000000000
101011011000011
100111111000000
111100100100100
111011011011011
100100100000000
001111000000111
100010010000000
000111000000000
000111000000000
111010010010010
100110110000000
110111111111000
101101101000101
101011011000011
011010000010010
010101000101000
101110110000110
001011000000011
010111000111000
011011000011011
001101000000101
110011011011000
101111111000111
000111000000000
100110110000000
111000000000000
111011011011011
111011011011011
110011011011000
111101101101101
001111000000111
111110110110110
011011000011011
100111111000000
101011011000011
100101101000000
101001001000001
100011011000000
101101101000101
111000000000000
001111000000111
111101101101101
111101101101101
111111111111111
101001001000001
101011011000011
101101101000101
010001000001000
001011000000011
111100100100100
001011000000011
011010000010010
111010010010010
100010010000000
111010010010010
001001000000001
101101101000101
001011000000011
101011011000011
011110000110110
101101101000101
001011000000011
100011011000000
111101101101101
100100100000000
111110110110110
111011011011011
001110000000110
010010000010000
000111000000000
011010000010010
110001001001000
101011011000011
101101101000101
101001001000001
111000000000000
101111111000111
111110110110110
011011000011011
110101101101000
011011000011011
111111111111111
100111111000000
110100100100000
111001001001001
100011011000000
111011011011011
111000000000000
001101000000101
100111111000000
000111000000000
010111000111000
000111000000000
010010000010000
101111111000111
101111111000111
011101000101101
110100100100000
001111000000111
101001001000001
111110110110110
011011000011011
001001000000001
000111000000000
011111000111111
111100100100100
110110110110000
110011011011000
010111000111000
011111000111111
110111111111000
110001001001000
011011000011011
101111111000111
111111111111111
011110000110110
000111000000000
111110110110110
011111000111111
110110110110000
101100100000100
111001001001001
010101000101000
111010010010010
010111000111000
001111000000111
001111000000111
111110110110110
011010000010010
111000000000000
011101000101101
111010010010010
101001001000001
110011011011000
101111111000111
111101101101101
101101101000101
011110000110110
101101101000101
111000000000000
111011011011011
100111111000000
010110000110000
110111111111000
111100100100100
110111111111000
111110110110110
011110000110110
101101101000101
101011011000011
111000000000000
001100000000100
001111000000111
111001001001001
111011011011011
111000000000000
101011011000011
101010010000010
111101101101101
101011011000011
010011000011000
111101101101101
000111000000000
011101000101101
101101101000101
110101101101000
111010010010010
101001001000001
010111000111000
111101101101101
100101101000000
111000000000000
101001001000001
101110110000110
111111111111111
101011011000011
111000000000000
111110110110110
010101000101000
000111000000000
011011000011011
101111111000111
110001001001000
100111111000000
111100100100100
010011000011000
111000000000000
111110110110110
110111111111000
110111111111000
100111111000000
101011011000011
011101000101101
111011011011011
011011000011011
000111000000000
101101101000101
