11000000000
00111000000
11011011011
11110110110
10010010000
11100100100
01101000101
10011011000
00111000000
10010010000
11000000000
00111000000
11111111111
10011011000
11011011011
00111000000
01011000011
10101101000
01011000011
10111111000
00111000000
11010010010
10111111000
11110110110
10111111000
01010000010
10010010000
11011011011
11100100100
01111000111
11111111111
10001001000
11010010010
00111000000
11111111111
11101101101
10110110000
11101101101
11110110110
00111000000
11101101101
10100100000
11110110110
10001001000
01011000011
01110000110
11111111111
11100100100
11101101101
11110110110
00111000000
01100000100
00111000000
10101101000
11111111111
11101101101
11100100100
11101101101
11110110110
10110110000
00111000000
11110110110
10111111000
01111000111
10111111000
11101101101
10101101000
11110110110
01011000011
01011000011
11110110110
01101000101
11000000000
10111111000
01101000101
11110110110
10110110000
01100000100
11100100100
10111111000
11101101101
11000000000
11110110110
00111000000
10101101000
11010010010
01111000111
11000000000
11110110110
11100100100
00111000000
11011011011
10011011000
01011000011
11010010010
00111000000
01101000101
11110110110
10111111000
10101101000
11010010010
11010010010
00111000000
01110000110
11000000000
11000000000
01101000101
10010010000
11011011011
11010010010
11101101101
01111000111
01011000011
11111111111
11110110110
11101101101
10101101000
10111111000
01111000111
10111111000
10110110000
01111000111
01011000011
11011011011
10011011000
11001001001
01010000010
11101101101
01001000001
00111000000
11110110110
11011011011
10101101000
11111111111
00111000000
11101101101
00111000000
11110110110
10110110000
11000000000
01111000111
01101000101
11111111111
00111000000
11011011011
10111111000
11011011011
10010010000
11110110110
01110000110
11001001001
11101101101
10101101000
11000000000
01101000101
00111000000
11111111111
11001001001
11101101101
01111000111
11101101101
11110110110
01100000100
01001000001
11100100100
10100100000
11110110110
00111000000
10110110000
11101101101
11101101101
00111000000
11110110110
10010010000
11000000000
01011000011
10111111000
11101101101
10111111000
10001001000
11111111111
01110000110
11110110110
11101101101
00111000000
01100000100
11001001001
10111111000
01101000101
00111000000
01111000111
11111111111
11011011011
10011011000
10101101000
11110110110
11001001001
11001001001
10001001000
00111000000
