11010
10101
01100
01100
01100
11010
01100
01100
01100
10101
01100
10101
01100
01100
01100
01100
01100
01100
01100
10101
01100
01100
10101
01100
10101
01100
10101
01100
11111
10101
10101
10101
01100
01100
11111
11010
11010
10101
01100
11111
01100
10101
10101
01100
11010
11010
01100
01100
01100
01100
01100
01100
11111
11010
01100
11111
01100
01100
01100
01100
11111
01100
11111
10101
10101
01100
11111
01100
01100
01100
01100
01100
01100
01100
01100
11111
11010
10101
11111
11111
10101
11010
01100
01100
10101
10101
11010
11010
10101
01100
11111
01100
11010
10101
01100
10101
01100
11111
11111
01100
01100
10101
01100
10101
10101
01100
01100
01100
11111
11010
11010
10101
11111
10101
01100
10101
10101
10101
10101
01100
01100
11010
11111
11111
10101
10101
01100
01100
11010
10101
11010
01100
01100
01100
10101
10101
10101
10101
11010
11010
11111
01100
01100
11111
11111
11010
11010
10101
11010
11111
01100
10101
10101
01100
11010
10101
10101
01100
10101
01100
10101
11010
10101
10101
11111
01100
01100
01100
11010
11111
10101
01100
01100
01100
01100
11010
11010
01100
11010
01100
11010
01100
11010
10101
11111
01100
10101
01100
01100
01100
10101
11010
11010
11111
11111
11010
11111
11010
01100
10101
